300 25 0.81 1 0.0 0.515
300 25 0.81 1 0.1 0.499
300 25 0.81 1 0.2 0.453
300 25 0.81 1 0.3 0.535
300 25 0.81 1 0.4 0.463
300 25 0.81 1 0.5 0.506
300 25 0.81 1 0.6 0.478
300 25 0.81 1 0.7 0.563
300 25 0.81 1 0.8 0.449
300 25 0.81 1 0.9 0.469
300 25 0.81 1 1.0 0.483
300 25 0.81 2 0.0 0.547
300 25 0.81 2 0.1 0.466
300 25 0.81 2 0.2 0.516
300 25 0.81 2 0.3 0.469
300 25 0.81 2 0.4 0.48
300 25 0.81 2 0.5 0.553
300 25 0.81 2 0.6 0.424
300 25 0.81 2 0.7 0.596
300 25 0.81 2 0.8 0.539
300 25 0.81 2 0.9 0.511
300 25 0.81 2 1.0 0.499
300 25 0.81 5 0.0 0.52
300 25 0.81 5 0.1 0.55
300 25 0.81 5 0.2 0.64
300 25 0.81 5 0.3 0.657
300 25 0.81 5 0.4 0.588
300 25 0.81 5 0.5 0.575
300 25 0.81 5 0.6 0.668
300 25 0.81 5 0.7 0.717
300 25 0.81 5 0.8 0.581
300 25 0.81 5 0.9 0.647
300 25 0.81 5 1.0 0.55
300 25 0.81 10 0.0 0.465
300 25 0.81 10 0.1 0.695
300 25 0.81 10 0.2 0.603
300 25 0.81 10 0.3 0.63
300 25 0.81 10 0.4 0.592
300 25 0.81 10 0.5 0.586
300 25 0.81 10 0.6 0.685
300 25 0.81 10 0.7 0.627
300 25 0.81 10 0.8 0.658
300 25 0.81 10 0.9 0.632
300 25 0.81 10 1.0 0.639
300 25 0.81 20 0.0 0.483
300 25 0.81 20 0.1 0.696
300 25 0.81 20 0.2 0.647
300 25 0.81 20 0.3 0.652
300 25 0.81 20 0.4 0.698
300 25 0.81 20 0.5 0.708
300 25 0.81 20 0.6 0.511
300 25 0.81 20 0.7 0.661
300 25 0.81 20 0.8 0.652
300 25 0.81 20 0.9 0.658
300 25 0.81 20 1.0 0.672
300 25 0.81 50 0.0 0.526
300 25 0.81 50 0.1 0.62
300 25 0.81 50 0.2 0.62
300 25 0.81 50 0.3 0.548
300 25 0.81 50 0.4 0.485
300 25 0.81 50 0.5 0.579
300 25 0.81 50 0.6 0.635
300 25 0.81 50 0.7 0.466
300 25 0.81 50 0.8 0.526
300 25 0.81 50 0.9 0.558
300 25 0.81 50 1.0 0.559
300 25 0.781 1 0.0 0.403
300 25 0.781 1 0.1 0.486
300 25 0.781 1 0.2 0.515
300 25 0.781 1 0.3 0.524
300 25 0.781 1 0.4 0.477
300 25 0.781 1 0.5 0.477
300 25 0.781 1 0.6 0.51
300 25 0.781 1 0.7 0.46
300 25 0.781 1 0.8 0.455
300 25 0.781 1 0.9 0.441
300 25 0.781 1 1.0 0.443
300 25 0.781 2 0.0 0.53
300 25 0.781 2 0.1 0.504
300 25 0.781 2 0.2 0.467
300 25 0.781 2 0.3 0.458
300 25 0.781 2 0.4 0.536
300 25 0.781 2 0.5 0.486
300 25 0.781 2 0.6 0.42
300 25 0.781 2 0.7 0.549
300 25 0.781 2 0.8 0.424
300 25 0.781 2 0.9 0.406
300 25 0.781 2 1.0 0.539
300 25 0.781 5 0.0 0.483
300 25 0.781 5 0.1 0.584
300 25 0.781 5 0.2 0.553
300 25 0.781 5 0.3 0.543
300 25 0.781 5 0.4 0.588
300 25 0.781 5 0.5 0.585
300 25 0.781 5 0.6 0.506
300 25 0.781 5 0.7 0.394
300 25 0.781 5 0.8 0.529
300 25 0.781 5 0.9 0.5
300 25 0.781 5 1.0 0.617
300 25 0.781 10 0.0 0.456
300 25 0.781 10 0.1 0.595
300 25 0.781 10 0.2 0.631
300 25 0.781 10 0.3 0.586
300 25 0.781 10 0.4 0.628
300 25 0.781 10 0.5 0.639
300 25 0.781 10 0.6 0.652
300 25 0.781 10 0.7 0.637
300 25 0.781 10 0.8 0.491
300 25 0.781 10 0.9 0.532
300 25 0.781 10 1.0 0.658
300 25 0.781 20 0.0 0.446
300 25 0.781 20 0.1 0.56
300 25 0.781 20 0.2 0.597
300 25 0.781 20 0.3 0.634
300 25 0.781 20 0.4 0.587
300 25 0.781 20 0.5 0.591
300 25 0.781 20 0.6 0.569
300 25 0.781 20 0.7 0.6
300 25 0.781 20 0.8 0.585
300 25 0.781 20 0.9 0.582
300 25 0.781 20 1.0 0.606
300 25 0.781 50 0.0 0.399
300 25 0.781 50 0.1 0.564
300 25 0.781 50 0.2 0.531
300 25 0.781 50 0.3 0.531
300 25 0.781 50 0.4 0.501
300 25 0.781 50 0.5 0.56
300 25 0.781 50 0.6 0.562
300 25 0.781 50 0.7 0.585
300 25 0.781 50 0.8 0.498
300 25 0.781 50 0.9 0.561
300 25 0.781 50 1.0 0.526
300 25 0.8 1 0.0 0.44
300 25 0.8 1 0.1 0.455
300 25 0.8 1 0.2 0.441
300 25 0.8 1 0.3 0.464
300 25 0.8 1 0.4 0.498
300 25 0.8 1 0.5 0.431
300 25 0.8 1 0.6 0.353
300 25 0.8 1 0.7 0.412
300 25 0.8 1 0.8 0.469
300 25 0.8 1 0.9 0.423
300 25 0.8 1 1.0 0.501
300 25 0.8 2 0.0 0.399
300 25 0.8 2 0.1 0.452
300 25 0.8 2 0.2 0.442
300 25 0.8 2 0.3 0.354
300 25 0.8 2 0.4 0.467
300 25 0.8 2 0.5 0.464
300 25 0.8 2 0.6 0.53
300 25 0.8 2 0.7 0.451
300 25 0.8 2 0.8 0.517
300 25 0.8 2 0.9 0.523
300 25 0.8 2 1.0 0.47
300 25 0.8 5 0.0 0.363
300 25 0.8 5 0.1 0.601
300 25 0.8 5 0.2 0.621
300 25 0.8 5 0.3 0.6
300 25 0.8 5 0.4 0.582
300 25 0.8 5 0.5 0.523
300 25 0.8 5 0.6 0.611
300 25 0.8 5 0.7 0.676
300 25 0.8 5 0.8 0.61
300 25 0.8 5 0.9 0.535
300 25 0.8 5 1.0 0.566
300 25 0.8 10 0.0 0.45
300 25 0.8 10 0.1 0.66
300 25 0.8 10 0.2 0.619
300 25 0.8 10 0.3 0.63
300 25 0.8 10 0.4 0.654
300 25 0.8 10 0.5 0.607
300 25 0.8 10 0.6 0.586
300 25 0.8 10 0.7 0.616
300 25 0.8 10 0.8 0.556
300 25 0.8 10 0.9 0.665
300 25 0.8 10 1.0 0.534
300 25 0.8 20 0.0 0.556
300 25 0.8 20 0.1 0.654
300 25 0.8 20 0.2 0.654
300 25 0.8 20 0.3 0.561
300 25 0.8 20 0.4 0.602
300 25 0.8 20 0.5 0.625
300 25 0.8 20 0.6 0.669
300 25 0.8 20 0.7 0.613
300 25 0.8 20 0.8 0.663
300 25 0.8 20 0.9 0.618
300 25 0.8 20 1.0 0.652
300 25 0.8 50 0.0 0.39
300 25 0.8 50 0.1 0.514
300 25 0.8 50 0.2 0.56
300 25 0.8 50 0.3 0.536
300 25 0.8 50 0.4 0.547
300 25 0.8 50 0.5 0.561
300 25 0.8 50 0.6 0.464
300 25 0.8 50 0.7 0.602
300 25 0.8 50 0.8 0.483
300 25 0.8 50 0.9 0.561
300 25 0.8 50 1.0 0.606
300 25 0.785 1 0.0 0.453
300 25 0.785 1 0.1 0.575
300 25 0.785 1 0.2 0.49
300 25 0.785 1 0.3 0.513
300 25 0.785 1 0.4 0.479
300 25 0.785 1 0.5 0.395
300 25 0.785 1 0.6 0.453
300 25 0.785 1 0.7 0.527
300 25 0.785 1 0.8 0.435
300 25 0.785 1 0.9 0.463
300 25 0.785 1 1.0 0.38
300 25 0.785 2 0.0 0.476
300 25 0.785 2 0.1 0.446
300 25 0.785 2 0.2 0.488
300 25 0.785 2 0.3 0.506
300 25 0.785 2 0.4 0.585
300 25 0.785 2 0.5 0.471
300 25 0.785 2 0.6 0.61
300 25 0.785 2 0.7 0.518
300 25 0.785 2 0.8 0.47
300 25 0.785 2 0.9 0.568
300 25 0.785 2 1.0 0.472
300 25 0.785 5 0.0 0.385
300 25 0.785 5 0.1 0.573
300 25 0.785 5 0.2 0.639
300 25 0.785 5 0.3 0.615
300 25 0.785 5 0.4 0.622
300 25 0.785 5 0.5 0.635
300 25 0.785 5 0.6 0.655
300 25 0.785 5 0.7 0.604
300 25 0.785 5 0.8 0.597
300 25 0.785 5 0.9 0.598
300 25 0.785 5 1.0 0.571
300 25 0.785 10 0.0 0.521
300 25 0.785 10 0.1 0.667
300 25 0.785 10 0.2 0.663
300 25 0.785 10 0.3 0.614
300 25 0.785 10 0.4 0.693
300 25 0.785 10 0.5 0.569
300 25 0.785 10 0.6 0.623
300 25 0.785 10 0.7 0.685
300 25 0.785 10 0.8 0.553
300 25 0.785 10 0.9 0.655
300 25 0.785 10 1.0 0.706
300 25 0.785 20 0.0 0.525
300 25 0.785 20 0.1 0.633
300 25 0.785 20 0.2 0.597
300 25 0.785 20 0.3 0.663
300 25 0.785 20 0.4 0.683
300 25 0.785 20 0.5 0.673
300 25 0.785 20 0.6 0.652
300 25 0.785 20 0.7 0.655
300 25 0.785 20 0.8 0.695
300 25 0.785 20 0.9 0.639
300 25 0.785 20 1.0 0.682
300 25 0.785 50 0.0 0.448
300 25 0.785 50 0.1 0.613
300 25 0.785 50 0.2 0.608
300 25 0.785 50 0.3 0.529
300 25 0.785 50 0.4 0.537
300 25 0.785 50 0.5 0.62
300 25 0.785 50 0.6 0.642
300 25 0.785 50 0.7 0.507
300 25 0.785 50 0.8 0.582
300 25 0.785 50 0.9 0.593
300 25 0.785 50 1.0 0.622
300 25 0.793 1 0.0 0.434
300 25 0.793 1 0.1 0.427
300 25 0.793 1 0.2 0.444
300 25 0.793 1 0.3 0.513
300 25 0.793 1 0.4 0.509
300 25 0.793 1 0.5 0.445
300 25 0.793 1 0.6 0.496
300 25 0.793 1 0.7 0.522
300 25 0.793 1 0.8 0.436
300 25 0.793 1 0.9 0.609
300 25 0.793 1 1.0 0.574
300 25 0.793 2 0.0 0.541
300 25 0.793 2 0.1 0.504
300 25 0.793 2 0.2 0.474
300 25 0.793 2 0.3 0.415
300 25 0.793 2 0.4 0.489
300 25 0.793 2 0.5 0.529
300 25 0.793 2 0.6 0.522
300 25 0.793 2 0.7 0.451
300 25 0.793 2 0.8 0.606
300 25 0.793 2 0.9 0.521
300 25 0.793 2 1.0 0.521
300 25 0.793 5 0.0 0.53
300 25 0.793 5 0.1 0.568
300 25 0.793 5 0.2 0.602
300 25 0.793 5 0.3 0.545
300 25 0.793 5 0.4 0.606
300 25 0.793 5 0.5 0.601
300 25 0.793 5 0.6 0.597
300 25 0.793 5 0.7 0.491
300 25 0.793 5 0.8 0.599
300 25 0.793 5 0.9 0.687
300 25 0.793 5 1.0 0.634
300 25 0.793 10 0.0 0.543
300 25 0.793 10 0.1 0.615
300 25 0.793 10 0.2 0.706
300 25 0.793 10 0.3 0.67
300 25 0.793 10 0.4 0.66
300 25 0.793 10 0.5 0.606
300 25 0.793 10 0.6 0.643
300 25 0.793 10 0.7 0.571
300 25 0.793 10 0.8 0.709
300 25 0.793 10 0.9 0.647
300 25 0.793 10 1.0 0.659
300 25 0.793 20 0.0 0.428
300 25 0.793 20 0.1 0.673
300 25 0.793 20 0.2 0.647
300 25 0.793 20 0.3 0.683
300 25 0.793 20 0.4 0.65
300 25 0.793 20 0.5 0.624
300 25 0.793 20 0.6 0.603
300 25 0.793 20 0.7 0.614
300 25 0.793 20 0.8 0.673
300 25 0.793 20 0.9 0.648
300 25 0.793 20 1.0 0.564
300 25 0.793 50 0.0 0.562
300 25 0.793 50 0.1 0.643
300 25 0.793 50 0.2 0.614
300 25 0.793 50 0.3 0.512
300 25 0.793 50 0.4 0.541
300 25 0.793 50 0.5 0.557
300 25 0.793 50 0.6 0.504
300 25 0.793 50 0.7 0.603
300 25 0.793 50 0.8 0.576
300 25 0.793 50 0.9 0.632
300 25 0.793 50 1.0 0.452
300 25 0.816 1 0.0 0.563
300 25 0.816 1 0.1 0.444
300 25 0.816 1 0.2 0.467
300 25 0.816 1 0.3 0.53
300 25 0.816 1 0.4 0.546
300 25 0.816 1 0.5 0.456
300 25 0.816 1 0.6 0.55
300 25 0.816 1 0.7 0.516
300 25 0.816 1 0.8 0.485
300 25 0.816 1 0.9 0.518
300 25 0.816 1 1.0 0.487
300 25 0.816 2 0.0 0.566
300 25 0.816 2 0.1 0.479
300 25 0.816 2 0.2 0.513
300 25 0.816 2 0.3 0.489
300 25 0.816 2 0.4 0.538
300 25 0.816 2 0.5 0.469
300 25 0.816 2 0.6 0.575
300 25 0.816 2 0.7 0.499
300 25 0.816 2 0.8 0.346
300 25 0.816 2 0.9 0.49
300 25 0.816 2 1.0 0.396
300 25 0.816 5 0.0 0.513
300 25 0.816 5 0.1 0.554
300 25 0.816 5 0.2 0.659
300 25 0.816 5 0.3 0.615
300 25 0.816 5 0.4 0.614
300 25 0.816 5 0.5 0.591
300 25 0.816 5 0.6 0.677
300 25 0.816 5 0.7 0.59
300 25 0.816 5 0.8 0.635
300 25 0.816 5 0.9 0.604
300 25 0.816 5 1.0 0.641
300 25 0.816 10 0.0 0.446
300 25 0.816 10 0.1 0.655
300 25 0.816 10 0.2 0.667
300 25 0.816 10 0.3 0.582
300 25 0.816 10 0.4 0.671
300 25 0.816 10 0.5 0.619
300 25 0.816 10 0.6 0.677
300 25 0.816 10 0.7 0.72
300 25 0.816 10 0.8 0.674
300 25 0.816 10 0.9 0.7
300 25 0.816 10 1.0 0.669
300 25 0.816 20 0.0 0.441
300 25 0.816 20 0.1 0.649
300 25 0.816 20 0.2 0.547
300 25 0.816 20 0.3 0.556
300 25 0.816 20 0.4 0.593
300 25 0.816 20 0.5 0.709
300 25 0.816 20 0.6 0.703
300 25 0.816 20 0.7 0.66
300 25 0.816 20 0.8 0.677
300 25 0.816 20 0.9 0.672
300 25 0.816 20 1.0 0.681
300 25 0.816 50 0.0 0.557
300 25 0.816 50 0.1 0.6
300 25 0.816 50 0.2 0.585
300 25 0.816 50 0.3 0.649
300 25 0.816 50 0.4 0.634
300 25 0.816 50 0.5 0.614
300 25 0.816 50 0.6 0.534
300 25 0.816 50 0.7 0.585
300 25 0.816 50 0.8 0.58
300 25 0.816 50 0.9 0.498
300 25 0.816 50 1.0 0.533
300 25 0.802 1 0.0 0.346
300 25 0.802 1 0.1 0.484
300 25 0.802 1 0.2 0.403
300 25 0.802 1 0.3 0.412
300 25 0.802 1 0.4 0.385
300 25 0.802 1 0.5 0.363
300 25 0.802 1 0.6 0.448
300 25 0.802 1 0.7 0.365
300 25 0.802 1 0.8 0.38
300 25 0.802 1 0.9 0.314
300 25 0.802 1 1.0 0.31
300 25 0.802 2 0.0 0.47
300 25 0.802 2 0.1 0.524
300 25 0.802 2 0.2 0.45
300 25 0.802 2 0.3 0.397
300 25 0.802 2 0.4 0.488
300 25 0.802 2 0.5 0.509
300 25 0.802 2 0.6 0.408
300 25 0.802 2 0.7 0.403
300 25 0.802 2 0.8 0.462
300 25 0.802 2 0.9 0.409
300 25 0.802 2 1.0 0.26
300 25 0.802 5 0.0 0.52
300 25 0.802 5 0.1 0.526
300 25 0.802 5 0.2 0.552
300 25 0.802 5 0.3 0.499
300 25 0.802 5 0.4 0.458
300 25 0.802 5 0.5 0.431
300 25 0.802 5 0.6 0.476
300 25 0.802 5 0.7 0.538
300 25 0.802 5 0.8 0.508
300 25 0.802 5 0.9 0.444
300 25 0.802 5 1.0 0.504
300 25 0.802 10 0.0 0.47
300 25 0.802 10 0.1 0.65
300 25 0.802 10 0.2 0.585
300 25 0.802 10 0.3 0.663
300 25 0.802 10 0.4 0.577
300 25 0.802 10 0.5 0.492
300 25 0.802 10 0.6 0.545
300 25 0.802 10 0.7 0.519
300 25 0.802 10 0.8 0.586
300 25 0.802 10 0.9 0.606
300 25 0.802 10 1.0 0.559
300 25 0.802 20 0.0 0.468
300 25 0.802 20 0.1 0.636
300 25 0.802 20 0.2 0.634
300 25 0.802 20 0.3 0.612
300 25 0.802 20 0.4 0.638
300 25 0.802 20 0.5 0.617
300 25 0.802 20 0.6 0.554
300 25 0.802 20 0.7 0.608
300 25 0.802 20 0.8 0.639
300 25 0.802 20 0.9 0.547
300 25 0.802 20 1.0 0.634
300 25 0.802 50 0.0 0.372
300 25 0.802 50 0.1 0.601
300 25 0.802 50 0.2 0.564
300 25 0.802 50 0.3 0.483
300 25 0.802 50 0.4 0.542
300 25 0.802 50 0.5 0.457
300 25 0.802 50 0.6 0.55
300 25 0.802 50 0.7 0.459
300 25 0.802 50 0.8 0.52
300 25 0.802 50 0.9 0.568
300 25 0.802 50 1.0 0.554
300 25 0.805 1 0.0 0.477
300 25 0.805 1 0.1 0.406
300 25 0.805 1 0.2 0.617
300 25 0.805 1 0.3 0.471
300 25 0.805 1 0.4 0.53
300 25 0.805 1 0.5 0.336
300 25 0.805 1 0.6 0.505
300 25 0.805 1 0.7 0.562
300 25 0.805 1 0.8 0.585
300 25 0.805 1 0.9 0.522
300 25 0.805 1 1.0 0.469
300 25 0.805 2 0.0 0.45
300 25 0.805 2 0.1 0.444
300 25 0.805 2 0.2 0.491
300 25 0.805 2 0.3 0.51
300 25 0.805 2 0.4 0.524
300 25 0.805 2 0.5 0.538
300 25 0.805 2 0.6 0.526
300 25 0.805 2 0.7 0.497
300 25 0.805 2 0.8 0.488
300 25 0.805 2 0.9 0.585
300 25 0.805 2 1.0 0.553
300 25 0.805 5 0.0 0.476
300 25 0.805 5 0.1 0.486
300 25 0.805 5 0.2 0.558
300 25 0.805 5 0.3 0.489
300 25 0.805 5 0.4 0.632
300 25 0.805 5 0.5 0.589
300 25 0.805 5 0.6 0.605
300 25 0.805 5 0.7 0.585
300 25 0.805 5 0.8 0.562
300 25 0.805 5 0.9 0.508
300 25 0.805 5 1.0 0.584
300 25 0.805 10 0.0 0.4
300 25 0.805 10 0.1 0.581
300 25 0.805 10 0.2 0.621
300 25 0.805 10 0.3 0.522
300 25 0.805 10 0.4 0.654
300 25 0.805 10 0.5 0.641
300 25 0.805 10 0.6 0.611
300 25 0.805 10 0.7 0.637
300 25 0.805 10 0.8 0.578
300 25 0.805 10 0.9 0.597
300 25 0.805 10 1.0 0.535
300 25 0.805 20 0.0 0.561
300 25 0.805 20 0.1 0.68
300 25 0.805 20 0.2 0.615
300 25 0.805 20 0.3 0.672
300 25 0.805 20 0.4 0.639
300 25 0.805 20 0.5 0.634
300 25 0.805 20 0.6 0.618
300 25 0.805 20 0.7 0.579
300 25 0.805 20 0.8 0.59
300 25 0.805 20 0.9 0.616
300 25 0.805 20 1.0 0.488
300 25 0.805 50 0.0 0.362
300 25 0.805 50 0.1 0.535
300 25 0.805 50 0.2 0.59
300 25 0.805 50 0.3 0.508
300 25 0.805 50 0.4 0.569
300 25 0.805 50 0.5 0.577
300 25 0.805 50 0.6 0.394
300 25 0.805 50 0.7 0.593
300 25 0.805 50 0.8 0.59
300 25 0.805 50 0.9 0.557
300 25 0.805 50 1.0 0.559
300 25 0.815 1 0.0 0.39
300 25 0.815 1 0.1 0.394
300 25 0.815 1 0.2 0.53
300 25 0.815 1 0.3 0.532
300 25 0.815 1 0.4 0.345
300 25 0.815 1 0.5 0.559
300 25 0.815 1 0.6 0.488
300 25 0.815 1 0.7 0.391
300 25 0.815 1 0.8 0.55
300 25 0.815 1 0.9 0.552
300 25 0.815 1 1.0 0.428
300 25 0.815 2 0.0 0.577
300 25 0.815 2 0.1 0.508
300 25 0.815 2 0.2 0.575
300 25 0.815 2 0.3 0.459
300 25 0.815 2 0.4 0.439
300 25 0.815 2 0.5 0.558
300 25 0.815 2 0.6 0.578
300 25 0.815 2 0.7 0.541
300 25 0.815 2 0.8 0.502
300 25 0.815 2 0.9 0.577
300 25 0.815 2 1.0 0.491
300 25 0.815 5 0.0 0.55
300 25 0.815 5 0.1 0.59
300 25 0.815 5 0.2 0.513
300 25 0.815 5 0.3 0.55
300 25 0.815 5 0.4 0.529
300 25 0.815 5 0.5 0.584
300 25 0.815 5 0.6 0.62
300 25 0.815 5 0.7 0.549
300 25 0.815 5 0.8 0.428
300 25 0.815 5 0.9 0.541
300 25 0.815 5 1.0 0.648
300 25 0.815 10 0.0 0.524
300 25 0.815 10 0.1 0.664
300 25 0.815 10 0.2 0.686
300 25 0.815 10 0.3 0.692
300 25 0.815 10 0.4 0.686
300 25 0.815 10 0.5 0.576
300 25 0.815 10 0.6 0.591
300 25 0.815 10 0.7 0.683
300 25 0.815 10 0.8 0.504
300 25 0.815 10 0.9 0.609
300 25 0.815 10 1.0 0.565
300 25 0.815 20 0.0 0.453
300 25 0.815 20 0.1 0.661
300 25 0.815 20 0.2 0.691
300 25 0.815 20 0.3 0.685
300 25 0.815 20 0.4 0.603
300 25 0.815 20 0.5 0.656
300 25 0.815 20 0.6 0.484
300 25 0.815 20 0.7 0.676
300 25 0.815 20 0.8 0.641
300 25 0.815 20 0.9 0.59
300 25 0.815 20 1.0 0.531
300 25 0.815 50 0.0 0.41
300 25 0.815 50 0.1 0.627
300 25 0.815 50 0.2 0.511
300 25 0.815 50 0.3 0.402
300 25 0.815 50 0.4 0.424
300 25 0.815 50 0.5 0.396
300 25 0.815 50 0.6 0.585
300 25 0.815 50 0.7 0.492
300 25 0.815 50 0.8 0.5
300 25 0.815 50 0.9 0.613
300 25 0.815 50 1.0 0.473
300 25 0.799 1 0.0 0.43
300 25 0.799 1 0.1 0.508
300 25 0.799 1 0.2 0.487
300 25 0.799 1 0.3 0.426
300 25 0.799 1 0.4 0.388
300 25 0.799 1 0.5 0.525
300 25 0.799 1 0.6 0.464
300 25 0.799 1 0.7 0.452
300 25 0.799 1 0.8 0.375
300 25 0.799 1 0.9 0.501
300 25 0.799 1 1.0 0.552
300 25 0.799 2 0.0 0.455
300 25 0.799 2 0.1 0.484
300 25 0.799 2 0.2 0.39
300 25 0.799 2 0.3 0.46
300 25 0.799 2 0.4 0.53
300 25 0.799 2 0.5 0.51
300 25 0.799 2 0.6 0.558
300 25 0.799 2 0.7 0.5
300 25 0.799 2 0.8 0.604
300 25 0.799 2 0.9 0.511
300 25 0.799 2 1.0 0.484
300 25 0.799 5 0.0 0.323
300 25 0.799 5 0.1 0.57
300 25 0.799 5 0.2 0.604
300 25 0.799 5 0.3 0.582
300 25 0.799 5 0.4 0.352
300 25 0.799 5 0.5 0.509
300 25 0.799 5 0.6 0.572
300 25 0.799 5 0.7 0.474
300 25 0.799 5 0.8 0.482
300 25 0.799 5 0.9 0.626
300 25 0.799 5 1.0 0.643
300 25 0.799 10 0.0 0.517
300 25 0.799 10 0.1 0.536
300 25 0.799 10 0.2 0.601
300 25 0.799 10 0.3 0.661
300 25 0.799 10 0.4 0.66
300 25 0.799 10 0.5 0.596
300 25 0.799 10 0.6 0.687
300 25 0.799 10 0.7 0.648
300 25 0.799 10 0.8 0.635
300 25 0.799 10 0.9 0.608
300 25 0.799 10 1.0 0.606
300 25 0.799 20 0.0 0.488
300 25 0.799 20 0.1 0.72
300 25 0.799 20 0.2 0.619
300 25 0.799 20 0.3 0.583
300 25 0.799 20 0.4 0.638
300 25 0.799 20 0.5 0.623
300 25 0.799 20 0.6 0.581
300 25 0.799 20 0.7 0.536
300 25 0.799 20 0.8 0.608
300 25 0.799 20 0.9 0.646
300 25 0.799 20 1.0 0.683
300 25 0.799 50 0.0 0.409
300 25 0.799 50 0.1 0.574
300 25 0.799 50 0.2 0.518
300 25 0.799 50 0.3 0.579
300 25 0.799 50 0.4 0.532
300 25 0.799 50 0.5 0.512
300 25 0.799 50 0.6 0.606
300 25 0.799 50 0.7 0.529
300 25 0.799 50 0.8 0.618
300 25 0.799 50 0.9 0.597
300 25 0.799 50 1.0 0.603
