300 15 0.235 1 0.0 0.159
300 15 0.235 1 0.1 0.217
300 15 0.235 1 0.2 0.218
300 15 0.235 1 0.3 0.224
300 15 0.235 1 0.4 0.226
300 15 0.235 1 0.5 0.223
300 15 0.235 1 0.6 0.229
300 15 0.235 1 0.7 0.227
300 15 0.235 1 0.8 0.217
300 15 0.235 1 0.9 0.219
300 15 0.235 1 1.0 0.222
300 15 0.235 2 0.0 0.144
300 15 0.235 2 0.1 0.213
300 15 0.235 2 0.2 0.175
300 15 0.235 2 0.3 0.228
300 15 0.235 2 0.4 0.225
300 15 0.235 2 0.5 0.209
300 15 0.235 2 0.6 0.22
300 15 0.235 2 0.7 0.226
300 15 0.235 2 0.8 0.207
300 15 0.235 2 0.9 0.203
300 15 0.235 2 1.0 0.204
300 15 0.235 5 0.0 0.144
300 15 0.235 5 0.1 0.173
300 15 0.235 5 0.2 0.171
300 15 0.235 5 0.3 0.231
300 15 0.235 5 0.4 0.174
300 15 0.235 5 0.5 0.215
300 15 0.235 5 0.6 0.18
300 15 0.235 5 0.7 0.175
300 15 0.235 5 0.8 0.174
300 15 0.235 5 0.9 0.207
300 15 0.235 5 1.0 0.17
300 15 0.235 10 0.0 0.142
300 15 0.235 10 0.1 0.172
300 15 0.235 10 0.2 0.1
300 15 0.235 10 0.3 0.1
300 15 0.235 10 0.4 0.1
300 15 0.235 10 0.5 0.1
300 15 0.235 10 0.6 0.1
300 15 0.235 10 0.7 0.1
300 15 0.235 10 0.8 0.1
300 15 0.235 10 0.9 0.1
300 15 0.235 10 1.0 0.1
300 15 0.235 20 0.0 0.144
300 15 0.235 20 0.1 0.172
300 15 0.235 20 0.2 0.1
300 15 0.235 20 0.3 0.1
300 15 0.235 20 0.4 0.1
300 15 0.235 20 0.5 0.1
300 15 0.235 20 0.6 0.1
300 15 0.235 20 0.7 0.1
300 15 0.235 20 0.8 0.1
300 15 0.235 20 0.9 0.1
300 15 0.235 20 1.0 0.1
300 15 0.235 50 0.0 0.138
300 15 0.235 50 0.1 0.1
300 15 0.235 50 0.2 0.1
300 15 0.235 50 0.3 0.1
300 15 0.235 50 0.4 0.1
300 15 0.235 50 0.5 0.1
300 15 0.235 50 0.6 0.1
300 15 0.235 50 0.7 0.1
300 15 0.235 50 0.8 0.1
300 15 0.235 50 0.9 0.1
300 15 0.235 50 1.0 0.1
300 15 0.157 1 0.0 0.151
300 15 0.157 1 0.1 0.15
300 15 0.157 1 0.2 0.159
300 15 0.157 1 0.3 0.157
300 15 0.157 1 0.4 0.156
300 15 0.157 1 0.5 0.154
300 15 0.157 1 0.6 0.152
300 15 0.157 1 0.7 0.157
300 15 0.157 1 0.8 0.16
300 15 0.157 1 0.9 0.148
300 15 0.157 1 1.0 0.145
300 15 0.157 2 0.0 0.158
300 15 0.157 2 0.1 0.15
300 15 0.157 2 0.2 0.161
300 15 0.157 2 0.3 0.148
300 15 0.157 2 0.4 0.158
300 15 0.157 2 0.5 0.148
300 15 0.157 2 0.6 0.152
300 15 0.157 2 0.7 0.156
300 15 0.157 2 0.8 0.156
300 15 0.157 2 0.9 0.155
300 15 0.157 2 1.0 0.153
300 15 0.157 5 0.0 0.143
300 15 0.157 5 0.1 0.1
300 15 0.157 5 0.2 0.167
300 15 0.157 5 0.3 0.133
300 15 0.157 5 0.4 0.151
300 15 0.157 5 0.5 0.1
300 15 0.157 5 0.6 0.1
300 15 0.157 5 0.7 0.1
300 15 0.157 5 0.8 0.153
300 15 0.157 5 0.9 0.1
300 15 0.157 5 1.0 0.155
300 15 0.157 10 0.0 0.143
300 15 0.157 10 0.1 0.1
300 15 0.157 10 0.2 0.1
300 15 0.157 10 0.3 0.1
300 15 0.157 10 0.4 0.1
300 15 0.157 10 0.5 0.1
300 15 0.157 10 0.6 0.1
300 15 0.157 10 0.7 0.1
300 15 0.157 10 0.8 0.1
300 15 0.157 10 0.9 0.1
300 15 0.157 10 1.0 0.1
300 15 0.157 20 0.0 0.143
300 15 0.157 20 0.1 0.1
300 15 0.157 20 0.2 0.1
300 15 0.157 20 0.3 0.1
300 15 0.157 20 0.4 0.1
300 15 0.157 20 0.5 0.1
300 15 0.157 20 0.6 0.1
300 15 0.157 20 0.7 0.1
300 15 0.157 20 0.8 0.1
300 15 0.157 20 0.9 0.1
300 15 0.157 20 1.0 0.1
300 15 0.157 50 0.0 0.158
300 15 0.157 50 0.1 0.1
300 15 0.157 50 0.2 0.1
300 15 0.157 50 0.3 0.1
300 15 0.157 50 0.4 0.1
300 15 0.157 50 0.5 0.1
300 15 0.157 50 0.6 0.1
300 15 0.157 50 0.7 0.1
300 15 0.157 50 0.8 0.1
300 15 0.157 50 0.9 0.1
300 15 0.157 50 1.0 0.1
300 15 0.166 1 0.0 0.153
300 15 0.166 1 0.1 0.158
300 15 0.166 1 0.2 0.169
300 15 0.166 1 0.3 0.172
300 15 0.166 1 0.4 0.151
300 15 0.166 1 0.5 0.161
300 15 0.166 1 0.6 0.16
300 15 0.166 1 0.7 0.161
300 15 0.166 1 0.8 0.165
300 15 0.166 1 0.9 0.161
300 15 0.166 1 1.0 0.16
300 15 0.166 2 0.0 0.143
300 15 0.166 2 0.1 0.156
300 15 0.166 2 0.2 0.159
300 15 0.166 2 0.3 0.156
300 15 0.166 2 0.4 0.157
300 15 0.166 2 0.5 0.154
300 15 0.166 2 0.6 0.166
300 15 0.166 2 0.7 0.159
300 15 0.166 2 0.8 0.16
300 15 0.166 2 0.9 0.149
300 15 0.166 2 1.0 0.161
300 15 0.166 5 0.0 0.139
300 15 0.166 5 0.1 0.1
300 15 0.166 5 0.2 0.101
300 15 0.166 5 0.3 0.153
300 15 0.166 5 0.4 0.1
300 15 0.166 5 0.5 0.1
300 15 0.166 5 0.6 0.155
300 15 0.166 5 0.7 0.1
300 15 0.166 5 0.8 0.1
300 15 0.166 5 0.9 0.147
300 15 0.166 5 1.0 0.158
300 15 0.166 10 0.0 0.136
300 15 0.166 10 0.1 0.17
300 15 0.166 10 0.2 0.1
300 15 0.166 10 0.3 0.1
300 15 0.166 10 0.4 0.1
300 15 0.166 10 0.5 0.1
300 15 0.166 10 0.6 0.1
300 15 0.166 10 0.7 0.1
300 15 0.166 10 0.8 0.1
300 15 0.166 10 0.9 0.1
300 15 0.166 10 1.0 0.1
300 15 0.166 20 0.0 0.148
300 15 0.166 20 0.1 0.1
300 15 0.166 20 0.2 0.1
300 15 0.166 20 0.3 0.1
300 15 0.166 20 0.4 0.1
300 15 0.166 20 0.5 0.1
300 15 0.166 20 0.6 0.1
300 15 0.166 20 0.7 0.1
300 15 0.166 20 0.8 0.1
300 15 0.166 20 0.9 0.1
300 15 0.166 20 1.0 0.1
300 15 0.166 50 0.0 0.126
300 15 0.166 50 0.1 0.1
300 15 0.166 50 0.2 0.1
300 15 0.166 50 0.3 0.1
300 15 0.166 50 0.4 0.1
300 15 0.166 50 0.5 0.1
300 15 0.166 50 0.6 0.1
300 15 0.166 50 0.7 0.1
300 15 0.166 50 0.8 0.1
300 15 0.166 50 0.9 0.1
300 15 0.166 50 1.0 0.1
300 15 0.139 1 0.0 0.148
300 15 0.139 1 0.1 0.124
300 15 0.139 1 0.2 0.13
300 15 0.139 1 0.3 0.12
300 15 0.139 1 0.4 0.117
300 15 0.139 1 0.5 0.155
300 15 0.139 1 0.6 0.129
300 15 0.139 1 0.7 0.122
300 15 0.139 1 0.8 0.124
300 15 0.139 1 0.9 0.129
300 15 0.139 1 1.0 0.128
300 15 0.139 2 0.0 0.132
300 15 0.139 2 0.1 0.147
300 15 0.139 2 0.2 0.107
300 15 0.139 2 0.3 0.127
300 15 0.139 2 0.4 0.125
300 15 0.139 2 0.5 0.138
300 15 0.139 2 0.6 0.13
300 15 0.139 2 0.7 0.147
300 15 0.139 2 0.8 0.108
300 15 0.139 2 0.9 0.107
300 15 0.139 2 1.0 0.132
300 15 0.139 5 0.0 0.161
300 15 0.139 5 0.1 0.108
300 15 0.139 5 0.2 0.107
300 15 0.139 5 0.3 0.1
300 15 0.139 5 0.4 0.1
300 15 0.139 5 0.5 0.1
300 15 0.139 5 0.6 0.1
300 15 0.139 5 0.7 0.1
300 15 0.139 5 0.8 0.1
300 15 0.139 5 0.9 0.1
300 15 0.139 5 1.0 0.1
300 15 0.139 10 0.0 0.161
300 15 0.139 10 0.1 0.1
300 15 0.139 10 0.2 0.149
300 15 0.139 10 0.3 0.1
300 15 0.139 10 0.4 0.1
300 15 0.139 10 0.5 0.1
300 15 0.139 10 0.6 0.1
300 15 0.139 10 0.7 0.1
300 15 0.139 10 0.8 0.1
300 15 0.139 10 0.9 0.1
300 15 0.139 10 1.0 0.1
300 15 0.139 20 0.0 0.154
300 15 0.139 20 0.1 0.1
300 15 0.139 20 0.2 0.1
300 15 0.139 20 0.3 0.1
300 15 0.139 20 0.4 0.1
300 15 0.139 20 0.5 0.1
300 15 0.139 20 0.6 0.1
300 15 0.139 20 0.7 0.1
300 15 0.139 20 0.8 0.1
300 15 0.139 20 0.9 0.1
300 15 0.139 20 1.0 0.1
300 15 0.139 50 0.0 0.135
300 15 0.139 50 0.1 0.1
300 15 0.139 50 0.2 0.1
300 15 0.139 50 0.3 0.1
300 15 0.139 50 0.4 0.1
300 15 0.139 50 0.5 0.1
300 15 0.139 50 0.6 0.1
300 15 0.139 50 0.7 0.1
300 15 0.139 50 0.8 0.1
300 15 0.139 50 0.9 0.1
300 15 0.139 50 1.0 0.1
300 15 0.156 1 0.0 0.146
300 15 0.156 1 0.1 0.161
300 15 0.156 1 0.2 0.147
300 15 0.156 1 0.3 0.152
300 15 0.156 1 0.4 0.15
300 15 0.156 1 0.5 0.155
300 15 0.156 1 0.6 0.151
300 15 0.156 1 0.7 0.158
300 15 0.156 1 0.8 0.149
300 15 0.156 1 0.9 0.153
300 15 0.156 1 1.0 0.153
300 15 0.156 2 0.0 0.149
300 15 0.156 2 0.1 0.143
300 15 0.156 2 0.2 0.166
300 15 0.156 2 0.3 0.119
300 15 0.156 2 0.4 0.156
300 15 0.156 2 0.5 0.117
300 15 0.156 2 0.6 0.16
300 15 0.156 2 0.7 0.115
300 15 0.156 2 0.8 0.141
300 15 0.156 2 0.9 0.136
300 15 0.156 2 1.0 0.118
300 15 0.156 5 0.0 0.141
300 15 0.156 5 0.1 0.123
300 15 0.156 5 0.2 0.115
300 15 0.156 5 0.3 0.114
300 15 0.156 5 0.4 0.143
300 15 0.156 5 0.5 0.1
300 15 0.156 5 0.6 0.1
300 15 0.156 5 0.7 0.118
300 15 0.156 5 0.8 0.114
300 15 0.156 5 0.9 0.1
300 15 0.156 5 1.0 0.139
300 15 0.156 10 0.0 0.152
300 15 0.156 10 0.1 0.112
300 15 0.156 10 0.2 0.1
300 15 0.156 10 0.3 0.1
300 15 0.156 10 0.4 0.1
300 15 0.156 10 0.5 0.1
300 15 0.156 10 0.6 0.1
300 15 0.156 10 0.7 0.1
300 15 0.156 10 0.8 0.1
300 15 0.156 10 0.9 0.1
300 15 0.156 10 1.0 0.13
300 15 0.156 20 0.0 0.138
300 15 0.156 20 0.1 0.1
300 15 0.156 20 0.2 0.1
300 15 0.156 20 0.3 0.1
300 15 0.156 20 0.4 0.1
300 15 0.156 20 0.5 0.1
300 15 0.156 20 0.6 0.1
300 15 0.156 20 0.7 0.1
300 15 0.156 20 0.8 0.1
300 15 0.156 20 0.9 0.1
300 15 0.156 20 1.0 0.1
300 15 0.156 50 0.0 0.141
300 15 0.156 50 0.1 0.1
300 15 0.156 50 0.2 0.1
300 15 0.156 50 0.3 0.1
300 15 0.156 50 0.4 0.1
300 15 0.156 50 0.5 0.1
300 15 0.156 50 0.6 0.1
300 15 0.156 50 0.7 0.1
300 15 0.156 50 0.8 0.1
300 15 0.156 50 0.9 0.1
300 15 0.156 50 1.0 0.1
300 15 0.17 1 0.0 0.14
300 15 0.17 1 0.1 0.16
300 15 0.17 1 0.2 0.167
300 15 0.17 1 0.3 0.17
300 15 0.17 1 0.4 0.173
300 15 0.17 1 0.5 0.171
300 15 0.17 1 0.6 0.168
300 15 0.17 1 0.7 0.172
300 15 0.17 1 0.8 0.172
300 15 0.17 1 0.9 0.172
300 15 0.17 1 1.0 0.17
300 15 0.17 2 0.0 0.132
300 15 0.17 2 0.1 0.145
300 15 0.17 2 0.2 0.164
300 15 0.17 2 0.3 0.159
300 15 0.17 2 0.4 0.17
300 15 0.17 2 0.5 0.155
300 15 0.17 2 0.6 0.164
300 15 0.17 2 0.7 0.158
300 15 0.17 2 0.8 0.169
300 15 0.17 2 0.9 0.15
300 15 0.17 2 1.0 0.162
300 15 0.17 5 0.0 0.15
300 15 0.17 5 0.1 0.148
300 15 0.17 5 0.2 0.144
300 15 0.17 5 0.3 0.149
300 15 0.17 5 0.4 0.151
300 15 0.17 5 0.5 0.149
300 15 0.17 5 0.6 0.146
300 15 0.17 5 0.7 0.145
300 15 0.17 5 0.8 0.147
300 15 0.17 5 0.9 0.1
300 15 0.17 5 1.0 0.141
300 15 0.17 10 0.0 0.16
300 15 0.17 10 0.1 0.15
300 15 0.17 10 0.2 0.15
300 15 0.17 10 0.3 0.14
300 15 0.17 10 0.4 0.1
300 15 0.17 10 0.5 0.148
300 15 0.17 10 0.6 0.14
300 15 0.17 10 0.7 0.139
300 15 0.17 10 0.8 0.1
300 15 0.17 10 0.9 0.1
300 15 0.17 10 1.0 0.1
300 15 0.17 20 0.0 0.151
300 15 0.17 20 0.1 0.1
300 15 0.17 20 0.2 0.149
300 15 0.17 20 0.3 0.1
300 15 0.17 20 0.4 0.1
300 15 0.17 20 0.5 0.1
300 15 0.17 20 0.6 0.1
300 15 0.17 20 0.7 0.1
300 15 0.17 20 0.8 0.1
300 15 0.17 20 0.9 0.1
300 15 0.17 20 1.0 0.16
300 15 0.17 50 0.0 0.147
300 15 0.17 50 0.1 0.1
300 15 0.17 50 0.2 0.1
300 15 0.17 50 0.3 0.1
300 15 0.17 50 0.4 0.1
300 15 0.17 50 0.5 0.1
300 15 0.17 50 0.6 0.1
300 15 0.17 50 0.7 0.1
300 15 0.17 50 0.8 0.1
300 15 0.17 50 0.9 0.1
300 15 0.17 50 1.0 0.1
300 15 0.145 1 0.0 0.164
300 15 0.145 1 0.1 0.14
300 15 0.145 1 0.2 0.136
300 15 0.145 1 0.3 0.137
300 15 0.145 1 0.4 0.139
300 15 0.145 1 0.5 0.139
300 15 0.145 1 0.6 0.14
300 15 0.145 1 0.7 0.14
300 15 0.145 1 0.8 0.136
300 15 0.145 1 0.9 0.135
300 15 0.145 1 1.0 0.134
300 15 0.145 2 0.0 0.15
300 15 0.145 2 0.1 0.139
300 15 0.145 2 0.2 0.135
300 15 0.145 2 0.3 0.138
300 15 0.145 2 0.4 0.133
300 15 0.145 2 0.5 0.138
300 15 0.145 2 0.6 0.134
300 15 0.145 2 0.7 0.137
300 15 0.145 2 0.8 0.137
300 15 0.145 2 0.9 0.14
300 15 0.145 2 1.0 0.136
300 15 0.145 5 0.0 0.147
300 15 0.145 5 0.1 0.132
300 15 0.145 5 0.2 0.128
300 15 0.145 5 0.3 0.137
300 15 0.145 5 0.4 0.137
300 15 0.145 5 0.5 0.133
300 15 0.145 5 0.6 0.137
300 15 0.145 5 0.7 0.127
300 15 0.145 5 0.8 0.131
300 15 0.145 5 0.9 0.132
300 15 0.145 5 1.0 0.131
300 15 0.145 10 0.0 0.157
300 15 0.145 10 0.1 0.132
300 15 0.145 10 0.2 0.127
300 15 0.145 10 0.3 0.126
300 15 0.145 10 0.4 0.121
300 15 0.145 10 0.5 0.1
300 15 0.145 10 0.6 0.1
300 15 0.145 10 0.7 0.1
300 15 0.145 10 0.8 0.13
300 15 0.145 10 0.9 0.126
300 15 0.145 10 1.0 0.1
300 15 0.145 20 0.0 0.148
300 15 0.145 20 0.1 0.1
300 15 0.145 20 0.2 0.1
300 15 0.145 20 0.3 0.128
300 15 0.145 20 0.4 0.122
300 15 0.145 20 0.5 0.1
300 15 0.145 20 0.6 0.1
300 15 0.145 20 0.7 0.126
300 15 0.145 20 0.8 0.1
300 15 0.145 20 0.9 0.1
300 15 0.145 20 1.0 0.134
300 15 0.145 50 0.0 0.151
300 15 0.145 50 0.1 0.1
300 15 0.145 50 0.2 0.1
300 15 0.145 50 0.3 0.1
300 15 0.145 50 0.4 0.1
300 15 0.145 50 0.5 0.1
300 15 0.145 50 0.6 0.1
300 15 0.145 50 0.7 0.1
300 15 0.145 50 0.8 0.1
300 15 0.145 50 0.9 0.1
300 15 0.145 50 1.0 0.1
300 15 0.155 1 0.0 0.142
300 15 0.155 1 0.1 0.146
300 15 0.155 1 0.2 0.151
300 15 0.155 1 0.3 0.148
300 15 0.155 1 0.4 0.147
300 15 0.155 1 0.5 0.145
300 15 0.155 1 0.6 0.15
300 15 0.155 1 0.7 0.149
300 15 0.155 1 0.8 0.144
300 15 0.155 1 0.9 0.147
300 15 0.155 1 1.0 0.142
300 15 0.155 2 0.0 0.138
300 15 0.155 2 0.1 0.149
300 15 0.155 2 0.2 0.153
300 15 0.155 2 0.3 0.148
300 15 0.155 2 0.4 0.144
300 15 0.155 2 0.5 0.148
300 15 0.155 2 0.6 0.149
300 15 0.155 2 0.7 0.145
300 15 0.155 2 0.8 0.148
300 15 0.155 2 0.9 0.146
300 15 0.155 2 1.0 0.148
300 15 0.155 5 0.0 0.148
300 15 0.155 5 0.1 0.156
300 15 0.155 5 0.2 0.154
300 15 0.155 5 0.3 0.152
300 15 0.155 5 0.4 0.143
300 15 0.155 5 0.5 0.148
300 15 0.155 5 0.6 0.152
300 15 0.155 5 0.7 0.151
300 15 0.155 5 0.8 0.136
300 15 0.155 5 0.9 0.1
300 15 0.155 5 1.0 0.143
300 15 0.155 10 0.0 0.137
300 15 0.155 10 0.1 0.137
300 15 0.155 10 0.2 0.138
300 15 0.155 10 0.3 0.139
300 15 0.155 10 0.4 0.1
300 15 0.155 10 0.5 0.1
300 15 0.155 10 0.6 0.144
300 15 0.155 10 0.7 0.1
300 15 0.155 10 0.8 0.1
300 15 0.155 10 0.9 0.1
300 15 0.155 10 1.0 0.1
300 15 0.155 20 0.0 0.144
300 15 0.155 20 0.1 0.1
300 15 0.155 20 0.2 0.1
300 15 0.155 20 0.3 0.1
300 15 0.155 20 0.4 0.1
300 15 0.155 20 0.5 0.1
300 15 0.155 20 0.6 0.1
300 15 0.155 20 0.7 0.1
300 15 0.155 20 0.8 0.1
300 15 0.155 20 0.9 0.1
300 15 0.155 20 1.0 0.1
300 15 0.155 50 0.0 0.138
300 15 0.155 50 0.1 0.1
300 15 0.155 50 0.2 0.1
300 15 0.155 50 0.3 0.1
300 15 0.155 50 0.4 0.1
300 15 0.155 50 0.5 0.1
300 15 0.155 50 0.6 0.1
300 15 0.155 50 0.7 0.1
300 15 0.155 50 0.8 0.1
300 15 0.155 50 0.9 0.1
300 15 0.155 50 1.0 0.1
300 15 0.1 1 0.0 0.128
300 15 0.1 1 0.1 0.098
300 15 0.1 1 0.2 0.099
300 15 0.1 1 0.3 0.099
300 15 0.1 1 0.4 0.1
300 15 0.1 1 0.5 0.1
300 15 0.1 1 0.6 0.1
300 15 0.1 1 0.7 0.1
300 15 0.1 1 0.8 0.1
300 15 0.1 1 0.9 0.1
300 15 0.1 1 1.0 0.099
300 15 0.1 2 0.0 0.142
300 15 0.1 2 0.1 0.099
300 15 0.1 2 0.2 0.099
300 15 0.1 2 0.3 0.099
300 15 0.1 2 0.4 0.1
300 15 0.1 2 0.5 0.1
300 15 0.1 2 0.6 0.1
300 15 0.1 2 0.7 0.1
300 15 0.1 2 0.8 0.1
300 15 0.1 2 0.9 0.1
300 15 0.1 2 1.0 0.1
300 15 0.1 5 0.0 0.161
300 15 0.1 5 0.1 0.1
300 15 0.1 5 0.2 0.099
300 15 0.1 5 0.3 0.1
300 15 0.1 5 0.4 0.1
300 15 0.1 5 0.5 0.1
300 15 0.1 5 0.6 0.1
300 15 0.1 5 0.7 0.1
300 15 0.1 5 0.8 0.1
300 15 0.1 5 0.9 0.1
300 15 0.1 5 1.0 0.1
300 15 0.1 10 0.0 0.14
300 15 0.1 10 0.1 0.1
300 15 0.1 10 0.2 0.1
300 15 0.1 10 0.3 0.1
300 15 0.1 10 0.4 0.1
300 15 0.1 10 0.5 0.1
300 15 0.1 10 0.6 0.1
300 15 0.1 10 0.7 0.1
300 15 0.1 10 0.8 0.1
300 15 0.1 10 0.9 0.1
300 15 0.1 10 1.0 0.1
300 15 0.1 20 0.0 0.157
300 15 0.1 20 0.1 0.1
300 15 0.1 20 0.2 0.1
300 15 0.1 20 0.3 0.1
300 15 0.1 20 0.4 0.1
300 15 0.1 20 0.5 0.1
300 15 0.1 20 0.6 0.1
300 15 0.1 20 0.7 0.1
300 15 0.1 20 0.8 0.1
300 15 0.1 20 0.9 0.1
300 15 0.1 20 1.0 0.1
300 15 0.1 50 0.0 0.153
300 15 0.1 50 0.1 0.1
300 15 0.1 50 0.2 0.1
300 15 0.1 50 0.3 0.1
300 15 0.1 50 0.4 0.1
300 15 0.1 50 0.5 0.1
300 15 0.1 50 0.6 0.1
300 15 0.1 50 0.7 0.1
300 15 0.1 50 0.8 0.1
300 15 0.1 50 0.9 0.1
300 15 0.1 50 1.0 0.1
300 15 0.174 1 0.0 0.16
300 15 0.174 1 0.1 0.167
300 15 0.174 1 0.2 0.168
300 15 0.174 1 0.3 0.166
300 15 0.174 1 0.4 0.169
300 15 0.174 1 0.5 0.165
300 15 0.174 1 0.6 0.166
300 15 0.174 1 0.7 0.164
300 15 0.174 1 0.8 0.161
300 15 0.174 1 0.9 0.166
300 15 0.174 1 1.0 0.166
300 15 0.174 2 0.0 0.151
300 15 0.174 2 0.1 0.17
300 15 0.174 2 0.2 0.163
300 15 0.174 2 0.3 0.168
300 15 0.174 2 0.4 0.152
300 15 0.174 2 0.5 0.153
300 15 0.174 2 0.6 0.153
300 15 0.174 2 0.7 0.164
300 15 0.174 2 0.8 0.165
300 15 0.174 2 0.9 0.163
300 15 0.174 2 1.0 0.165
300 15 0.174 5 0.0 0.15
300 15 0.174 5 0.1 0.149
300 15 0.174 5 0.2 0.148
300 15 0.174 5 0.3 0.129
300 15 0.174 5 0.4 0.149
300 15 0.174 5 0.5 0.155
300 15 0.174 5 0.6 0.154
300 15 0.174 5 0.7 0.1
300 15 0.174 5 0.8 0.158
300 15 0.174 5 0.9 0.149
300 15 0.174 5 1.0 0.167
300 15 0.174 10 0.0 0.15
300 15 0.174 10 0.1 0.157
300 15 0.174 10 0.2 0.162
300 15 0.174 10 0.3 0.1
300 15 0.174 10 0.4 0.1
300 15 0.174 10 0.5 0.1
300 15 0.174 10 0.6 0.1
300 15 0.174 10 0.7 0.1
300 15 0.174 10 0.8 0.1
300 15 0.174 10 0.9 0.1
300 15 0.174 10 1.0 0.146
300 15 0.174 20 0.0 0.159
300 15 0.174 20 0.1 0.1
300 15 0.174 20 0.2 0.1
300 15 0.174 20 0.3 0.1
300 15 0.174 20 0.4 0.1
300 15 0.174 20 0.5 0.1
300 15 0.174 20 0.6 0.1
300 15 0.174 20 0.7 0.1
300 15 0.174 20 0.8 0.1
300 15 0.174 20 0.9 0.1
300 15 0.174 20 1.0 0.1
300 15 0.174 50 0.0 0.148
300 15 0.174 50 0.1 0.1
300 15 0.174 50 0.2 0.1
300 15 0.174 50 0.3 0.1
300 15 0.174 50 0.4 0.1
300 15 0.174 50 0.5 0.1
300 15 0.174 50 0.6 0.1
300 15 0.174 50 0.7 0.1
300 15 0.174 50 0.8 0.1
300 15 0.174 50 0.9 0.1
300 15 0.174 50 1.0 0.1
300 15 0.202 1 0.0 0.154
300 15 0.202 1 0.1 0.192
300 15 0.202 1 0.2 0.175
300 15 0.202 1 0.3 0.181
300 15 0.202 1 0.4 0.185
300 15 0.202 1 0.5 0.194
300 15 0.202 1 0.6 0.193
300 15 0.202 1 0.7 0.189
300 15 0.202 1 0.8 0.191
300 15 0.202 1 0.9 0.197
300 15 0.202 1 1.0 0.191
300 15 0.202 2 0.0 0.157
300 15 0.202 2 0.1 0.188
300 15 0.202 2 0.2 0.179
300 15 0.202 2 0.3 0.185
300 15 0.202 2 0.4 0.191
300 15 0.202 2 0.5 0.191
300 15 0.202 2 0.6 0.18
300 15 0.202 2 0.7 0.177
300 15 0.202 2 0.8 0.187
300 15 0.202 2 0.9 0.186
300 15 0.202 2 1.0 0.151
300 15 0.202 5 0.0 0.155
300 15 0.202 5 0.1 0.152
300 15 0.202 5 0.2 0.151
300 15 0.202 5 0.3 0.1
300 15 0.202 5 0.4 0.189
300 15 0.202 5 0.5 0.15
300 15 0.202 5 0.6 0.15
300 15 0.202 5 0.7 0.1
300 15 0.202 5 0.8 0.1
300 15 0.202 5 0.9 0.1
300 15 0.202 5 1.0 0.1
300 15 0.202 10 0.0 0.166
300 15 0.202 10 0.1 0.1
300 15 0.202 10 0.2 0.1
300 15 0.202 10 0.3 0.156
300 15 0.202 10 0.4 0.1
300 15 0.202 10 0.5 0.1
300 15 0.202 10 0.6 0.1
300 15 0.202 10 0.7 0.1
300 15 0.202 10 0.8 0.1
300 15 0.202 10 0.9 0.1
300 15 0.202 10 1.0 0.1
300 15 0.202 20 0.0 0.145
300 15 0.202 20 0.1 0.1
300 15 0.202 20 0.2 0.1
300 15 0.202 20 0.3 0.1
300 15 0.202 20 0.4 0.1
300 15 0.202 20 0.5 0.1
300 15 0.202 20 0.6 0.1
300 15 0.202 20 0.7 0.1
300 15 0.202 20 0.8 0.1
300 15 0.202 20 0.9 0.1
300 15 0.202 20 1.0 0.1
300 15 0.202 50 0.0 0.142
300 15 0.202 50 0.1 0.1
300 15 0.202 50 0.2 0.1
300 15 0.202 50 0.3 0.1
300 15 0.202 50 0.4 0.1
300 15 0.202 50 0.5 0.1
300 15 0.202 50 0.6 0.1
300 15 0.202 50 0.7 0.1
300 15 0.202 50 0.8 0.1
300 15 0.202 50 0.9 0.1
300 15 0.202 50 1.0 0.1
300 15 0.145 1 0.0 0.131
300 15 0.145 1 0.1 0.145
300 15 0.145 1 0.2 0.129
300 15 0.145 1 0.3 0.138
300 15 0.145 1 0.4 0.144
300 15 0.145 1 0.5 0.143
300 15 0.145 1 0.6 0.145
300 15 0.145 1 0.7 0.144
300 15 0.145 1 0.8 0.144
300 15 0.145 1 0.9 0.125
300 15 0.145 1 1.0 0.145
300 15 0.145 2 0.0 0.147
300 15 0.145 2 0.1 0.145
300 15 0.145 2 0.2 0.139
300 15 0.145 2 0.3 0.126
300 15 0.145 2 0.4 0.154
300 15 0.145 2 0.5 0.159
300 15 0.145 2 0.6 0.144
300 15 0.145 2 0.7 0.141
300 15 0.145 2 0.8 0.142
300 15 0.145 2 0.9 0.143
300 15 0.145 2 1.0 0.142
300 15 0.145 5 0.0 0.131
300 15 0.145 5 0.1 0.151
300 15 0.145 5 0.2 0.139
300 15 0.145 5 0.3 0.144
300 15 0.145 5 0.4 0.139
300 15 0.145 5 0.5 0.1
300 15 0.145 5 0.6 0.1
300 15 0.145 5 0.7 0.138
300 15 0.145 5 0.8 0.137
300 15 0.145 5 0.9 0.1
300 15 0.145 5 1.0 0.135
300 15 0.145 10 0.0 0.143
300 15 0.145 10 0.1 0.15
300 15 0.145 10 0.2 0.1
300 15 0.145 10 0.3 0.1
300 15 0.145 10 0.4 0.1
300 15 0.145 10 0.5 0.143
300 15 0.145 10 0.6 0.1
300 15 0.145 10 0.7 0.1
300 15 0.145 10 0.8 0.135
300 15 0.145 10 0.9 0.1
300 15 0.145 10 1.0 0.1
300 15 0.145 20 0.0 0.153
300 15 0.145 20 0.1 0.1
300 15 0.145 20 0.2 0.1
300 15 0.145 20 0.3 0.1
300 15 0.145 20 0.4 0.1
300 15 0.145 20 0.5 0.1
300 15 0.145 20 0.6 0.1
300 15 0.145 20 0.7 0.1
300 15 0.145 20 0.8 0.1
300 15 0.145 20 0.9 0.1
300 15 0.145 20 1.0 0.1
300 15 0.145 50 0.0 0.145
300 15 0.145 50 0.1 0.1
300 15 0.145 50 0.2 0.1
300 15 0.145 50 0.3 0.1
300 15 0.145 50 0.4 0.1
300 15 0.145 50 0.5 0.1
300 15 0.145 50 0.6 0.1
300 15 0.145 50 0.7 0.1
300 15 0.145 50 0.8 0.1
300 15 0.145 50 0.9 0.1
300 15 0.145 50 1.0 0.1
300 15 0.178 1 0.0 0.154
300 15 0.178 1 0.1 0.171
300 15 0.178 1 0.2 0.166
300 15 0.178 1 0.3 0.166
300 15 0.178 1 0.4 0.165
300 15 0.178 1 0.5 0.162
300 15 0.178 1 0.6 0.165
300 15 0.178 1 0.7 0.164
300 15 0.178 1 0.8 0.163
300 15 0.178 1 0.9 0.162
300 15 0.178 1 1.0 0.166
300 15 0.178 2 0.0 0.144
300 15 0.178 2 0.1 0.164
300 15 0.178 2 0.2 0.161
300 15 0.178 2 0.3 0.166
300 15 0.178 2 0.4 0.168
300 15 0.178 2 0.5 0.16
300 15 0.178 2 0.6 0.163
300 15 0.178 2 0.7 0.16
300 15 0.178 2 0.8 0.162
300 15 0.178 2 0.9 0.166
300 15 0.178 2 1.0 0.165
300 15 0.178 5 0.0 0.151
300 15 0.178 5 0.1 0.16
300 15 0.178 5 0.2 0.162
300 15 0.178 5 0.3 0.163
300 15 0.178 5 0.4 0.158
300 15 0.178 5 0.5 0.1
300 15 0.178 5 0.6 0.158
300 15 0.178 5 0.7 0.161
300 15 0.178 5 0.8 0.16
300 15 0.178 5 0.9 0.16
300 15 0.178 5 1.0 0.158
300 15 0.178 10 0.0 0.143
300 15 0.178 10 0.1 0.1
300 15 0.178 10 0.2 0.1
300 15 0.178 10 0.3 0.1
300 15 0.178 10 0.4 0.159
300 15 0.178 10 0.5 0.161
300 15 0.178 10 0.6 0.1
300 15 0.178 10 0.7 0.156
300 15 0.178 10 0.8 0.1
300 15 0.178 10 0.9 0.16
300 15 0.178 10 1.0 0.1
300 15 0.178 20 0.0 0.141
300 15 0.178 20 0.1 0.1
300 15 0.178 20 0.2 0.1
300 15 0.178 20 0.3 0.1
300 15 0.178 20 0.4 0.1
300 15 0.178 20 0.5 0.1
300 15 0.178 20 0.6 0.1
300 15 0.178 20 0.7 0.1
300 15 0.178 20 0.8 0.1
300 15 0.178 20 0.9 0.162
300 15 0.178 20 1.0 0.171
300 15 0.178 50 0.0 0.142
300 15 0.178 50 0.1 0.1
300 15 0.178 50 0.2 0.1
300 15 0.178 50 0.3 0.1
300 15 0.178 50 0.4 0.1
300 15 0.178 50 0.5 0.1
300 15 0.178 50 0.6 0.1
300 15 0.178 50 0.7 0.1
300 15 0.178 50 0.8 0.1
300 15 0.178 50 0.9 0.1
300 15 0.178 50 1.0 0.1
300 15 0.203 1 0.0 0.138
300 15 0.203 1 0.1 0.181
300 15 0.203 1 0.2 0.19
300 15 0.203 1 0.3 0.181
300 15 0.203 1 0.4 0.193
300 15 0.203 1 0.5 0.178
300 15 0.203 1 0.6 0.191
300 15 0.203 1 0.7 0.188
300 15 0.203 1 0.8 0.187
300 15 0.203 1 0.9 0.177
300 15 0.203 1 1.0 0.181
300 15 0.203 2 0.0 0.138
300 15 0.203 2 0.1 0.179
300 15 0.203 2 0.2 0.171
300 15 0.203 2 0.3 0.184
300 15 0.203 2 0.4 0.158
300 15 0.203 2 0.5 0.167
300 15 0.203 2 0.6 0.18
300 15 0.203 2 0.7 0.18
300 15 0.203 2 0.8 0.177
300 15 0.203 2 0.9 0.177
300 15 0.203 2 1.0 0.178
300 15 0.203 5 0.0 0.151
300 15 0.203 5 0.1 0.181
300 15 0.203 5 0.2 0.144
300 15 0.203 5 0.3 0.141
300 15 0.203 5 0.4 0.162
300 15 0.203 5 0.5 0.156
300 15 0.203 5 0.6 0.183
300 15 0.203 5 0.7 0.153
300 15 0.203 5 0.8 0.145
300 15 0.203 5 0.9 0.173
300 15 0.203 5 1.0 0.154
300 15 0.203 10 0.0 0.142
300 15 0.203 10 0.1 0.1
300 15 0.203 10 0.2 0.1
300 15 0.203 10 0.3 0.146
300 15 0.203 10 0.4 0.1
300 15 0.203 10 0.5 0.1
300 15 0.203 10 0.6 0.1
300 15 0.203 10 0.7 0.1
300 15 0.203 10 0.8 0.144
300 15 0.203 10 0.9 0.1
300 15 0.203 10 1.0 0.1
300 15 0.203 20 0.0 0.148
300 15 0.203 20 0.1 0.1
300 15 0.203 20 0.2 0.1
300 15 0.203 20 0.3 0.1
300 15 0.203 20 0.4 0.1
300 15 0.203 20 0.5 0.1
300 15 0.203 20 0.6 0.1
300 15 0.203 20 0.7 0.1
300 15 0.203 20 0.8 0.1
300 15 0.203 20 0.9 0.1
300 15 0.203 20 1.0 0.1
300 15 0.203 50 0.0 0.139
300 15 0.203 50 0.1 0.1
300 15 0.203 50 0.2 0.1
300 15 0.203 50 0.3 0.1
300 15 0.203 50 0.4 0.1
300 15 0.203 50 0.5 0.1
300 15 0.203 50 0.6 0.1
300 15 0.203 50 0.7 0.1
300 15 0.203 50 0.8 0.1
300 15 0.203 50 0.9 0.1
300 15 0.203 50 1.0 0.1
