500 25 0.843 1 0.0 0.618
500 25 0.843 1 0.1 0.586
500 25 0.843 1 0.2 0.626
500 25 0.843 1 0.3 0.536
500 25 0.843 1 0.4 0.63
500 25 0.843 1 0.5 0.569
500 25 0.843 1 0.6 0.632
500 25 0.843 1 0.7 0.601
500 25 0.843 1 0.8 0.551
500 25 0.843 1 0.9 0.565
500 25 0.843 1 1.0 0.535
500 25 0.843 2 0.0 0.644
500 25 0.843 2 0.1 0.527
500 25 0.843 2 0.2 0.579
500 25 0.843 2 0.3 0.619
500 25 0.843 2 0.4 0.58
500 25 0.843 2 0.5 0.671
500 25 0.843 2 0.6 0.624
500 25 0.843 2 0.7 0.742
500 25 0.843 2 0.8 0.676
500 25 0.843 2 0.9 0.541
500 25 0.843 2 1.0 0.59
500 25 0.843 5 0.0 0.573
500 25 0.843 5 0.1 0.738
500 25 0.843 5 0.2 0.688
500 25 0.843 5 0.3 0.723
500 25 0.843 5 0.4 0.683
500 25 0.843 5 0.5 0.691
500 25 0.843 5 0.6 0.642
500 25 0.843 5 0.7 0.73
500 25 0.843 5 0.8 0.736
500 25 0.843 5 0.9 0.735
500 25 0.843 5 1.0 0.674
500 25 0.843 10 0.0 0.557
500 25 0.843 10 0.1 0.769
500 25 0.843 10 0.2 0.735
500 25 0.843 10 0.3 0.778
500 25 0.843 10 0.4 0.776
500 25 0.843 10 0.5 0.766
500 25 0.843 10 0.6 0.75
500 25 0.843 10 0.7 0.771
500 25 0.843 10 0.8 0.767
500 25 0.843 10 0.9 0.785
500 25 0.843 10 1.0 0.72
500 25 0.843 20 0.0 0.55
500 25 0.843 20 0.1 0.708
500 25 0.843 20 0.2 0.735
500 25 0.843 20 0.3 0.743
500 25 0.843 20 0.4 0.759
500 25 0.843 20 0.5 0.756
500 25 0.843 20 0.6 0.694
500 25 0.843 20 0.7 0.737
500 25 0.843 20 0.8 0.724
500 25 0.843 20 0.9 0.642
500 25 0.843 20 1.0 0.732
500 25 0.843 50 0.0 0.602
500 25 0.843 50 0.1 0.644
500 25 0.843 50 0.2 0.743
500 25 0.843 50 0.3 0.662
500 25 0.843 50 0.4 0.621
500 25 0.843 50 0.5 0.724
500 25 0.843 50 0.6 0.707
500 25 0.843 50 0.7 0.69
500 25 0.843 50 0.8 0.703
500 25 0.843 50 0.9 0.753
500 25 0.843 50 1.0 0.624
500 25 0.842 1 0.0 0.619
500 25 0.842 1 0.1 0.606
500 25 0.842 1 0.2 0.573
500 25 0.842 1 0.3 0.669
500 25 0.842 1 0.4 0.602
500 25 0.842 1 0.5 0.67
500 25 0.842 1 0.6 0.567
500 25 0.842 1 0.7 0.553
500 25 0.842 1 0.8 0.636
500 25 0.842 1 0.9 0.583
500 25 0.842 1 1.0 0.615
500 25 0.842 2 0.0 0.551
500 25 0.842 2 0.1 0.627
500 25 0.842 2 0.2 0.649
500 25 0.842 2 0.3 0.614
500 25 0.842 2 0.4 0.589
500 25 0.842 2 0.5 0.611
500 25 0.842 2 0.6 0.576
500 25 0.842 2 0.7 0.622
500 25 0.842 2 0.8 0.602
500 25 0.842 2 0.9 0.704
500 25 0.842 2 1.0 0.589
500 25 0.842 5 0.0 0.541
500 25 0.842 5 0.1 0.725
500 25 0.842 5 0.2 0.697
500 25 0.842 5 0.3 0.658
500 25 0.842 5 0.4 0.704
500 25 0.842 5 0.5 0.715
500 25 0.842 5 0.6 0.74
500 25 0.842 5 0.7 0.68
500 25 0.842 5 0.8 0.648
500 25 0.842 5 0.9 0.678
500 25 0.842 5 1.0 0.703
500 25 0.842 10 0.0 0.576
500 25 0.842 10 0.1 0.636
500 25 0.842 10 0.2 0.717
500 25 0.842 10 0.3 0.761
500 25 0.842 10 0.4 0.719
500 25 0.842 10 0.5 0.639
500 25 0.842 10 0.6 0.741
500 25 0.842 10 0.7 0.756
500 25 0.842 10 0.8 0.722
500 25 0.842 10 0.9 0.779
500 25 0.842 10 1.0 0.749
500 25 0.842 20 0.0 0.533
500 25 0.842 20 0.1 0.71
500 25 0.842 20 0.2 0.749
500 25 0.842 20 0.3 0.714
500 25 0.842 20 0.4 0.638
500 25 0.842 20 0.5 0.748
500 25 0.842 20 0.6 0.721
500 25 0.842 20 0.7 0.726
500 25 0.842 20 0.8 0.725
500 25 0.842 20 0.9 0.746
500 25 0.842 20 1.0 0.733
500 25 0.842 50 0.0 0.617
500 25 0.842 50 0.1 0.739
500 25 0.842 50 0.2 0.729
500 25 0.842 50 0.3 0.74
500 25 0.842 50 0.4 0.651
500 25 0.842 50 0.5 0.703
500 25 0.842 50 0.6 0.628
500 25 0.842 50 0.7 0.629
500 25 0.842 50 0.8 0.712
500 25 0.842 50 0.9 0.665
500 25 0.842 50 1.0 0.673
500 25 0.844 1 0.0 0.641
500 25 0.844 1 0.1 0.613
500 25 0.844 1 0.2 0.521
500 25 0.844 1 0.3 0.651
500 25 0.844 1 0.4 0.493
500 25 0.844 1 0.5 0.7
500 25 0.844 1 0.6 0.621
500 25 0.844 1 0.7 0.681
500 25 0.844 1 0.8 0.64
500 25 0.844 1 0.9 0.683
500 25 0.844 1 1.0 0.626
500 25 0.844 2 0.0 0.625
500 25 0.844 2 0.1 0.442
500 25 0.844 2 0.2 0.667
500 25 0.844 2 0.3 0.632
500 25 0.844 2 0.4 0.556
500 25 0.844 2 0.5 0.572
500 25 0.844 2 0.6 0.615
500 25 0.844 2 0.7 0.669
500 25 0.844 2 0.8 0.68
500 25 0.844 2 0.9 0.596
500 25 0.844 2 1.0 0.647
500 25 0.844 5 0.0 0.625
500 25 0.844 5 0.1 0.736
500 25 0.844 5 0.2 0.717
500 25 0.844 5 0.3 0.643
500 25 0.844 5 0.4 0.508
500 25 0.844 5 0.5 0.689
500 25 0.844 5 0.6 0.66
500 25 0.844 5 0.7 0.712
500 25 0.844 5 0.8 0.623
500 25 0.844 5 0.9 0.654
500 25 0.844 5 1.0 0.675
500 25 0.844 10 0.0 0.564
500 25 0.844 10 0.1 0.572
500 25 0.844 10 0.2 0.779
500 25 0.844 10 0.3 0.699
500 25 0.844 10 0.4 0.756
500 25 0.844 10 0.5 0.716
500 25 0.844 10 0.6 0.742
500 25 0.844 10 0.7 0.729
500 25 0.844 10 0.8 0.782
500 25 0.844 10 0.9 0.733
500 25 0.844 10 1.0 0.76
500 25 0.844 20 0.0 0.675
500 25 0.844 20 0.1 0.764
500 25 0.844 20 0.2 0.724
500 25 0.844 20 0.3 0.729
500 25 0.844 20 0.4 0.748
500 25 0.844 20 0.5 0.719
500 25 0.844 20 0.6 0.774
500 25 0.844 20 0.7 0.722
500 25 0.844 20 0.8 0.728
500 25 0.844 20 0.9 0.732
500 25 0.844 20 1.0 0.742
500 25 0.844 50 0.0 0.721
500 25 0.844 50 0.1 0.704
500 25 0.844 50 0.2 0.717
500 25 0.844 50 0.3 0.673
500 25 0.844 50 0.4 0.641
500 25 0.844 50 0.5 0.7
500 25 0.844 50 0.6 0.739
500 25 0.844 50 0.7 0.628
500 25 0.844 50 0.8 0.706
500 25 0.844 50 0.9 0.659
500 25 0.844 50 1.0 0.653
500 25 0.823 1 0.0 0.464
500 25 0.823 1 0.1 0.691
500 25 0.823 1 0.2 0.602
500 25 0.823 1 0.3 0.551
500 25 0.823 1 0.4 0.434
500 25 0.823 1 0.5 0.575
500 25 0.823 1 0.6 0.677
500 25 0.823 1 0.7 0.635
500 25 0.823 1 0.8 0.589
500 25 0.823 1 0.9 0.676
500 25 0.823 1 1.0 0.651
500 25 0.823 2 0.0 0.62
500 25 0.823 2 0.1 0.651
500 25 0.823 2 0.2 0.583
500 25 0.823 2 0.3 0.605
500 25 0.823 2 0.4 0.614
500 25 0.823 2 0.5 0.615
500 25 0.823 2 0.6 0.681
500 25 0.823 2 0.7 0.668
500 25 0.823 2 0.8 0.64
500 25 0.823 2 0.9 0.654
500 25 0.823 2 1.0 0.628
500 25 0.823 5 0.0 0.645
500 25 0.823 5 0.1 0.68
500 25 0.823 5 0.2 0.683
500 25 0.823 5 0.3 0.584
500 25 0.823 5 0.4 0.693
500 25 0.823 5 0.5 0.741
500 25 0.823 5 0.6 0.673
500 25 0.823 5 0.7 0.673
500 25 0.823 5 0.8 0.701
500 25 0.823 5 0.9 0.706
500 25 0.823 5 1.0 0.694
500 25 0.823 10 0.0 0.576
500 25 0.823 10 0.1 0.723
500 25 0.823 10 0.2 0.715
500 25 0.823 10 0.3 0.72
500 25 0.823 10 0.4 0.623
500 25 0.823 10 0.5 0.721
500 25 0.823 10 0.6 0.702
500 25 0.823 10 0.7 0.711
500 25 0.823 10 0.8 0.696
500 25 0.823 10 0.9 0.735
500 25 0.823 10 1.0 0.7
500 25 0.823 20 0.0 0.663
500 25 0.823 20 0.1 0.69
500 25 0.823 20 0.2 0.742
500 25 0.823 20 0.3 0.684
500 25 0.823 20 0.4 0.682
500 25 0.823 20 0.5 0.682
500 25 0.823 20 0.6 0.714
500 25 0.823 20 0.7 0.706
500 25 0.823 20 0.8 0.712
500 25 0.823 20 0.9 0.634
500 25 0.823 20 1.0 0.682
500 25 0.823 50 0.0 0.641
500 25 0.823 50 0.1 0.704
500 25 0.823 50 0.2 0.671
500 25 0.823 50 0.3 0.692
500 25 0.823 50 0.4 0.717
500 25 0.823 50 0.5 0.718
500 25 0.823 50 0.6 0.661
500 25 0.823 50 0.7 0.632
500 25 0.823 50 0.8 0.691
500 25 0.823 50 0.9 0.636
500 25 0.823 50 1.0 0.612
500 25 0.82 1 0.0 0.53
500 25 0.82 1 0.1 0.534
500 25 0.82 1 0.2 0.551
500 25 0.82 1 0.3 0.641
500 25 0.82 1 0.4 0.574
500 25 0.82 1 0.5 0.549
500 25 0.82 1 0.6 0.595
500 25 0.82 1 0.7 0.599
500 25 0.82 1 0.8 0.571
500 25 0.82 1 0.9 0.556
500 25 0.82 1 1.0 0.611
500 25 0.82 2 0.0 0.534
500 25 0.82 2 0.1 0.649
500 25 0.82 2 0.2 0.638
500 25 0.82 2 0.3 0.483
500 25 0.82 2 0.4 0.669
500 25 0.82 2 0.5 0.611
500 25 0.82 2 0.6 0.505
500 25 0.82 2 0.7 0.603
500 25 0.82 2 0.8 0.678
500 25 0.82 2 0.9 0.672
500 25 0.82 2 1.0 0.647
500 25 0.82 5 0.0 0.598
500 25 0.82 5 0.1 0.726
500 25 0.82 5 0.2 0.627
500 25 0.82 5 0.3 0.674
500 25 0.82 5 0.4 0.668
500 25 0.82 5 0.5 0.504
500 25 0.82 5 0.6 0.561
500 25 0.82 5 0.7 0.67
500 25 0.82 5 0.8 0.689
500 25 0.82 5 0.9 0.702
500 25 0.82 5 1.0 0.567
500 25 0.82 10 0.0 0.601
500 25 0.82 10 0.1 0.733
500 25 0.82 10 0.2 0.721
500 25 0.82 10 0.3 0.691
500 25 0.82 10 0.4 0.733
500 25 0.82 10 0.5 0.721
500 25 0.82 10 0.6 0.718
500 25 0.82 10 0.7 0.727
500 25 0.82 10 0.8 0.66
500 25 0.82 10 0.9 0.733
500 25 0.82 10 1.0 0.714
500 25 0.82 20 0.0 0.517
500 25 0.82 20 0.1 0.684
500 25 0.82 20 0.2 0.709
500 25 0.82 20 0.3 0.709
500 25 0.82 20 0.4 0.685
500 25 0.82 20 0.5 0.711
500 25 0.82 20 0.6 0.76
500 25 0.82 20 0.7 0.75
500 25 0.82 20 0.8 0.731
500 25 0.82 20 0.9 0.725
500 25 0.82 20 1.0 0.733
500 25 0.82 50 0.0 0.557
500 25 0.82 50 0.1 0.655
500 25 0.82 50 0.2 0.694
500 25 0.82 50 0.3 0.731
500 25 0.82 50 0.4 0.722
500 25 0.82 50 0.5 0.652
500 25 0.82 50 0.6 0.664
500 25 0.82 50 0.7 0.665
500 25 0.82 50 0.8 0.622
500 25 0.82 50 0.9 0.728
500 25 0.82 50 1.0 0.705
500 25 0.839 1 0.0 0.565
500 25 0.839 1 0.1 0.507
500 25 0.839 1 0.2 0.492
500 25 0.839 1 0.3 0.673
500 25 0.839 1 0.4 0.619
500 25 0.839 1 0.5 0.582
500 25 0.839 1 0.6 0.582
500 25 0.839 1 0.7 0.689
500 25 0.839 1 0.8 0.576
500 25 0.839 1 0.9 0.621
500 25 0.839 1 1.0 0.618
500 25 0.839 2 0.0 0.56
500 25 0.839 2 0.1 0.637
500 25 0.839 2 0.2 0.578
500 25 0.839 2 0.3 0.678
500 25 0.839 2 0.4 0.594
500 25 0.839 2 0.5 0.668
500 25 0.839 2 0.6 0.67
500 25 0.839 2 0.7 0.676
500 25 0.839 2 0.8 0.52
500 25 0.839 2 0.9 0.717
500 25 0.839 2 1.0 0.662
500 25 0.839 5 0.0 0.698
500 25 0.839 5 0.1 0.725
500 25 0.839 5 0.2 0.743
500 25 0.839 5 0.3 0.701
500 25 0.839 5 0.4 0.668
500 25 0.839 5 0.5 0.746
500 25 0.839 5 0.6 0.718
500 25 0.839 5 0.7 0.712
500 25 0.839 5 0.8 0.73
500 25 0.839 5 0.9 0.722
500 25 0.839 5 1.0 0.689
500 25 0.839 10 0.0 0.541
500 25 0.839 10 0.1 0.733
500 25 0.839 10 0.2 0.762
500 25 0.839 10 0.3 0.787
500 25 0.839 10 0.4 0.755
500 25 0.839 10 0.5 0.673
500 25 0.839 10 0.6 0.759
500 25 0.839 10 0.7 0.701
500 25 0.839 10 0.8 0.73
500 25 0.839 10 0.9 0.727
500 25 0.839 10 1.0 0.74
500 25 0.839 20 0.0 0.68
500 25 0.839 20 0.1 0.761
500 25 0.839 20 0.2 0.753
500 25 0.839 20 0.3 0.757
500 25 0.839 20 0.4 0.663
500 25 0.839 20 0.5 0.784
500 25 0.839 20 0.6 0.76
500 25 0.839 20 0.7 0.761
500 25 0.839 20 0.8 0.727
500 25 0.839 20 0.9 0.734
500 25 0.839 20 1.0 0.76
500 25 0.839 50 0.0 0.617
500 25 0.839 50 0.1 0.674
500 25 0.839 50 0.2 0.679
500 25 0.839 50 0.3 0.695
500 25 0.839 50 0.4 0.693
500 25 0.839 50 0.5 0.699
500 25 0.839 50 0.6 0.727
500 25 0.839 50 0.7 0.695
500 25 0.839 50 0.8 0.68
500 25 0.839 50 0.9 0.689
500 25 0.839 50 1.0 0.731
500 25 0.83 1 0.0 0.554
500 25 0.83 1 0.1 0.49
500 25 0.83 1 0.2 0.581
500 25 0.83 1 0.3 0.554
500 25 0.83 1 0.4 0.586
500 25 0.83 1 0.5 0.619
500 25 0.83 1 0.6 0.541
500 25 0.83 1 0.7 0.644
500 25 0.83 1 0.8 0.579
500 25 0.83 1 0.9 0.617
500 25 0.83 1 1.0 0.575
500 25 0.83 2 0.0 0.6
500 25 0.83 2 0.1 0.603
500 25 0.83 2 0.2 0.59
500 25 0.83 2 0.3 0.558
500 25 0.83 2 0.4 0.639
500 25 0.83 2 0.5 0.552
500 25 0.83 2 0.6 0.638
500 25 0.83 2 0.7 0.618
500 25 0.83 2 0.8 0.631
500 25 0.83 2 0.9 0.623
500 25 0.83 2 1.0 0.606
500 25 0.83 5 0.0 0.504
500 25 0.83 5 0.1 0.617
500 25 0.83 5 0.2 0.655
500 25 0.83 5 0.3 0.725
500 25 0.83 5 0.4 0.727
500 25 0.83 5 0.5 0.728
500 25 0.83 5 0.6 0.711
500 25 0.83 5 0.7 0.704
500 25 0.83 5 0.8 0.669
500 25 0.83 5 0.9 0.66
500 25 0.83 5 1.0 0.718
500 25 0.83 10 0.0 0.555
500 25 0.83 10 0.1 0.706
500 25 0.83 10 0.2 0.746
500 25 0.83 10 0.3 0.749
500 25 0.83 10 0.4 0.75
500 25 0.83 10 0.5 0.745
500 25 0.83 10 0.6 0.708
500 25 0.83 10 0.7 0.718
500 25 0.83 10 0.8 0.73
500 25 0.83 10 0.9 0.748
500 25 0.83 10 1.0 0.74
500 25 0.83 20 0.0 0.485
500 25 0.83 20 0.1 0.68
500 25 0.83 20 0.2 0.758
500 25 0.83 20 0.3 0.706
500 25 0.83 20 0.4 0.74
500 25 0.83 20 0.5 0.744
500 25 0.83 20 0.6 0.75
500 25 0.83 20 0.7 0.726
500 25 0.83 20 0.8 0.739
500 25 0.83 20 0.9 0.75
500 25 0.83 20 1.0 0.743
500 25 0.83 50 0.0 0.586
500 25 0.83 50 0.1 0.679
500 25 0.83 50 0.2 0.738
500 25 0.83 50 0.3 0.659
500 25 0.83 50 0.4 0.692
500 25 0.83 50 0.5 0.713
500 25 0.83 50 0.6 0.672
500 25 0.83 50 0.7 0.742
500 25 0.83 50 0.8 0.736
500 25 0.83 50 0.9 0.719
500 25 0.83 50 1.0 0.695
500 25 0.856 1 0.0 0.62
500 25 0.856 1 0.1 0.644
500 25 0.856 1 0.2 0.645
500 25 0.856 1 0.3 0.532
500 25 0.856 1 0.4 0.535
500 25 0.856 1 0.5 0.56
500 25 0.856 1 0.6 0.567
500 25 0.856 1 0.7 0.648
500 25 0.856 1 0.8 0.576
500 25 0.856 1 0.9 0.611
500 25 0.856 1 1.0 0.597
500 25 0.856 2 0.0 0.605
500 25 0.856 2 0.1 0.587
500 25 0.856 2 0.2 0.653
500 25 0.856 2 0.3 0.599
500 25 0.856 2 0.4 0.603
500 25 0.856 2 0.5 0.59
500 25 0.856 2 0.6 0.655
500 25 0.856 2 0.7 0.616
500 25 0.856 2 0.8 0.635
500 25 0.856 2 0.9 0.54
500 25 0.856 2 1.0 0.633
500 25 0.856 5 0.0 0.664
500 25 0.856 5 0.1 0.644
500 25 0.856 5 0.2 0.711
500 25 0.856 5 0.3 0.706
500 25 0.856 5 0.4 0.632
500 25 0.856 5 0.5 0.736
500 25 0.856 5 0.6 0.726
500 25 0.856 5 0.7 0.735
500 25 0.856 5 0.8 0.737
500 25 0.856 5 0.9 0.73
500 25 0.856 5 1.0 0.744
500 25 0.856 10 0.0 0.55
500 25 0.856 10 0.1 0.767
500 25 0.856 10 0.2 0.761
500 25 0.856 10 0.3 0.662
500 25 0.856 10 0.4 0.747
500 25 0.856 10 0.5 0.749
500 25 0.856 10 0.6 0.743
500 25 0.856 10 0.7 0.75
500 25 0.856 10 0.8 0.751
500 25 0.856 10 0.9 0.728
500 25 0.856 10 1.0 0.758
500 25 0.856 20 0.0 0.598
500 25 0.856 20 0.1 0.781
500 25 0.856 20 0.2 0.762
500 25 0.856 20 0.3 0.76
500 25 0.856 20 0.4 0.762
500 25 0.856 20 0.5 0.702
500 25 0.856 20 0.6 0.785
500 25 0.856 20 0.7 0.757
500 25 0.856 20 0.8 0.725
500 25 0.856 20 0.9 0.758
500 25 0.856 20 1.0 0.741
500 25 0.856 50 0.0 0.636
500 25 0.856 50 0.1 0.743
500 25 0.856 50 0.2 0.744
500 25 0.856 50 0.3 0.74
500 25 0.856 50 0.4 0.671
500 25 0.856 50 0.5 0.75
500 25 0.856 50 0.6 0.686
500 25 0.856 50 0.7 0.657
500 25 0.856 50 0.8 0.641
500 25 0.856 50 0.9 0.732
500 25 0.856 50 1.0 0.682
500 25 0.827 1 0.0 0.622
500 25 0.827 1 0.1 0.617
500 25 0.827 1 0.2 0.521
500 25 0.827 1 0.3 0.636
500 25 0.827 1 0.4 0.59
500 25 0.827 1 0.5 0.691
500 25 0.827 1 0.6 0.673
500 25 0.827 1 0.7 0.53
500 25 0.827 1 0.8 0.603
500 25 0.827 1 0.9 0.698
500 25 0.827 1 1.0 0.53
500 25 0.827 2 0.0 0.633
500 25 0.827 2 0.1 0.644
500 25 0.827 2 0.2 0.628
500 25 0.827 2 0.3 0.681
500 25 0.827 2 0.4 0.636
500 25 0.827 2 0.5 0.688
500 25 0.827 2 0.6 0.637
500 25 0.827 2 0.7 0.585
500 25 0.827 2 0.8 0.631
500 25 0.827 2 0.9 0.574
500 25 0.827 2 1.0 0.669
500 25 0.827 5 0.0 0.566
500 25 0.827 5 0.1 0.723
500 25 0.827 5 0.2 0.717
500 25 0.827 5 0.3 0.704
500 25 0.827 5 0.4 0.671
500 25 0.827 5 0.5 0.716
500 25 0.827 5 0.6 0.703
500 25 0.827 5 0.7 0.689
500 25 0.827 5 0.8 0.73
500 25 0.827 5 0.9 0.685
500 25 0.827 5 1.0 0.685
500 25 0.827 10 0.0 0.594
500 25 0.827 10 0.1 0.736
500 25 0.827 10 0.2 0.753
500 25 0.827 10 0.3 0.73
500 25 0.827 10 0.4 0.692
500 25 0.827 10 0.5 0.704
500 25 0.827 10 0.6 0.683
500 25 0.827 10 0.7 0.723
500 25 0.827 10 0.8 0.729
500 25 0.827 10 0.9 0.691
500 25 0.827 10 1.0 0.707
500 25 0.827 20 0.0 0.654
500 25 0.827 20 0.1 0.729
500 25 0.827 20 0.2 0.724
500 25 0.827 20 0.3 0.713
500 25 0.827 20 0.4 0.685
500 25 0.827 20 0.5 0.72
500 25 0.827 20 0.6 0.719
500 25 0.827 20 0.7 0.663
500 25 0.827 20 0.8 0.699
500 25 0.827 20 0.9 0.683
500 25 0.827 20 1.0 0.687
500 25 0.827 50 0.0 0.6
500 25 0.827 50 0.1 0.698
500 25 0.827 50 0.2 0.642
500 25 0.827 50 0.3 0.639
500 25 0.827 50 0.4 0.71
500 25 0.827 50 0.5 0.657
500 25 0.827 50 0.6 0.643
500 25 0.827 50 0.7 0.7
500 25 0.827 50 0.8 0.677
500 25 0.827 50 0.9 0.679
500 25 0.827 50 1.0 0.682
500 25 0.842 1 0.0 0.515
500 25 0.842 1 0.1 0.566
500 25 0.842 1 0.2 0.588
500 25 0.842 1 0.3 0.519
500 25 0.842 1 0.4 0.646
500 25 0.842 1 0.5 0.543
500 25 0.842 1 0.6 0.565
500 25 0.842 1 0.7 0.587
500 25 0.842 1 0.8 0.61
500 25 0.842 1 0.9 0.534
500 25 0.842 1 1.0 0.588
500 25 0.842 2 0.0 0.531
500 25 0.842 2 0.1 0.618
500 25 0.842 2 0.2 0.6
500 25 0.842 2 0.3 0.507
500 25 0.842 2 0.4 0.658
500 25 0.842 2 0.5 0.64
500 25 0.842 2 0.6 0.418
500 25 0.842 2 0.7 0.626
500 25 0.842 2 0.8 0.535
500 25 0.842 2 0.9 0.649
500 25 0.842 2 1.0 0.67
500 25 0.842 5 0.0 0.599
500 25 0.842 5 0.1 0.601
500 25 0.842 5 0.2 0.741
500 25 0.842 5 0.3 0.723
500 25 0.842 5 0.4 0.706
500 25 0.842 5 0.5 0.645
500 25 0.842 5 0.6 0.663
500 25 0.842 5 0.7 0.723
500 25 0.842 5 0.8 0.62
500 25 0.842 5 0.9 0.584
500 25 0.842 5 1.0 0.717
500 25 0.842 10 0.0 0.517
500 25 0.842 10 0.1 0.748
500 25 0.842 10 0.2 0.733
500 25 0.842 10 0.3 0.74
500 25 0.842 10 0.4 0.77
500 25 0.842 10 0.5 0.674
500 25 0.842 10 0.6 0.704
500 25 0.842 10 0.7 0.769
500 25 0.842 10 0.8 0.737
500 25 0.842 10 0.9 0.751
500 25 0.842 10 1.0 0.743
500 25 0.842 20 0.0 0.633
500 25 0.842 20 0.1 0.715
500 25 0.842 20 0.2 0.762
500 25 0.842 20 0.3 0.748
500 25 0.842 20 0.4 0.744
500 25 0.842 20 0.5 0.777
500 25 0.842 20 0.6 0.756
500 25 0.842 20 0.7 0.745
500 25 0.842 20 0.8 0.699
500 25 0.842 20 0.9 0.721
500 25 0.842 20 1.0 0.737
500 25 0.842 50 0.0 0.47
500 25 0.842 50 0.1 0.709
500 25 0.842 50 0.2 0.723
500 25 0.842 50 0.3 0.681
500 25 0.842 50 0.4 0.626
500 25 0.842 50 0.5 0.591
500 25 0.842 50 0.6 0.708
500 25 0.842 50 0.7 0.651
500 25 0.842 50 0.8 0.689
500 25 0.842 50 0.9 0.679
500 25 0.842 50 1.0 0.681
