300 15 0.207 1 0.0 0.142
300 15 0.207 1 0.1 0.148
300 15 0.207 1 0.2 0.149
300 15 0.207 1 0.3 0.158
300 15 0.207 1 0.4 0.16
300 15 0.207 1 0.5 0.151
300 15 0.207 1 0.6 0.146
300 15 0.207 1 0.7 0.148
300 15 0.207 1 0.8 0.159
300 15 0.207 1 0.9 0.143
300 15 0.207 1 1.0 0.142
300 15 0.207 2 0.0 0.147
300 15 0.207 2 0.1 0.127
300 15 0.207 2 0.2 0.144
300 15 0.207 2 0.3 0.142
300 15 0.207 2 0.4 0.148
300 15 0.207 2 0.5 0.13
300 15 0.207 2 0.6 0.151
300 15 0.207 2 0.7 0.153
300 15 0.207 2 0.8 0.135
300 15 0.207 2 0.9 0.15
300 15 0.207 2 1.0 0.132
300 15 0.207 5 0.0 0.159
300 15 0.207 5 0.1 0.121
300 15 0.207 5 0.2 0.135
300 15 0.207 5 0.3 0.131
300 15 0.207 5 0.4 0.103
300 15 0.207 5 0.5 0.138
300 15 0.207 5 0.6 0.109
300 15 0.207 5 0.7 0.105
300 15 0.207 5 0.8 0.143
300 15 0.207 5 0.9 0.121
300 15 0.207 5 1.0 0.14
300 15 0.207 10 0.0 0.127
300 15 0.207 10 0.1 0.104
300 15 0.207 10 0.2 0.105
300 15 0.207 10 0.3 0.1
300 15 0.207 10 0.4 0.107
300 15 0.207 10 0.5 0.101
300 15 0.207 10 0.6 0.105
300 15 0.207 10 0.7 0.098
300 15 0.207 10 0.8 0.102
300 15 0.207 10 0.9 0.098
300 15 0.207 10 1.0 0.102
300 15 0.207 20 0.0 0.15
300 15 0.207 20 0.1 0.099
300 15 0.207 20 0.2 0.103
300 15 0.207 20 0.3 0.097
300 15 0.207 20 0.4 0.101
300 15 0.207 20 0.5 0.098
300 15 0.207 20 0.6 0.1
300 15 0.207 20 0.7 0.099
300 15 0.207 20 0.8 0.102
300 15 0.207 20 0.9 0.102
300 15 0.207 20 1.0 0.099
300 15 0.207 50 0.0 0.145
300 15 0.207 50 0.1 0.1
300 15 0.207 50 0.2 0.099
300 15 0.207 50 0.3 0.097
300 15 0.207 50 0.4 0.101
300 15 0.207 50 0.5 0.098
300 15 0.207 50 0.6 0.1
300 15 0.207 50 0.7 0.102
300 15 0.207 50 0.8 0.101
300 15 0.207 50 0.9 0.099
300 15 0.207 50 1.0 0.093
300 15 0.1 1 0.0 0.142
300 15 0.1 1 0.1 0.139
300 15 0.1 1 0.2 0.13
300 15 0.1 1 0.3 0.143
300 15 0.1 1 0.4 0.132
300 15 0.1 1 0.5 0.12
300 15 0.1 1 0.6 0.107
300 15 0.1 1 0.7 0.102
300 15 0.1 1 0.8 0.119
300 15 0.1 1 0.9 0.105
300 15 0.1 1 1.0 0.101
300 15 0.1 2 0.0 0.142
300 15 0.1 2 0.1 0.143
300 15 0.1 2 0.2 0.142
300 15 0.1 2 0.3 0.132
300 15 0.1 2 0.4 0.119
300 15 0.1 2 0.5 0.117
300 15 0.1 2 0.6 0.119
300 15 0.1 2 0.7 0.101
300 15 0.1 2 0.8 0.104
300 15 0.1 2 0.9 0.102
300 15 0.1 2 1.0 0.1
300 15 0.1 5 0.0 0.148
300 15 0.1 5 0.1 0.112
300 15 0.1 5 0.2 0.102
300 15 0.1 5 0.3 0.102
300 15 0.1 5 0.4 0.102
300 15 0.1 5 0.5 0.103
300 15 0.1 5 0.6 0.103
300 15 0.1 5 0.7 0.101
300 15 0.1 5 0.8 0.1
300 15 0.1 5 0.9 0.104
300 15 0.1 5 1.0 0.1
300 15 0.1 10 0.0 0.138
300 15 0.1 10 0.1 0.102
300 15 0.1 10 0.2 0.102
300 15 0.1 10 0.3 0.103
300 15 0.1 10 0.4 0.102
300 15 0.1 10 0.5 0.107
300 15 0.1 10 0.6 0.1
300 15 0.1 10 0.7 0.099
300 15 0.1 10 0.8 0.107
300 15 0.1 10 0.9 0.102
300 15 0.1 10 1.0 0.102
300 15 0.1 20 0.0 0.162
300 15 0.1 20 0.1 0.102
300 15 0.1 20 0.2 0.103
300 15 0.1 20 0.3 0.101
300 15 0.1 20 0.4 0.101
300 15 0.1 20 0.5 0.105
300 15 0.1 20 0.6 0.103
300 15 0.1 20 0.7 0.1
300 15 0.1 20 0.8 0.098
300 15 0.1 20 0.9 0.099
300 15 0.1 20 1.0 0.103
300 15 0.1 50 0.0 0.144
300 15 0.1 50 0.1 0.101
300 15 0.1 50 0.2 0.102
300 15 0.1 50 0.3 0.103
300 15 0.1 50 0.4 0.102
300 15 0.1 50 0.5 0.093
300 15 0.1 50 0.6 0.098
300 15 0.1 50 0.7 0.1
300 15 0.1 50 0.8 0.104
300 15 0.1 50 0.9 0.102
300 15 0.1 50 1.0 0.097
300 15 0.136 1 0.0 0.152
300 15 0.136 1 0.1 0.156
300 15 0.136 1 0.2 0.137
300 15 0.136 1 0.3 0.146
300 15 0.136 1 0.4 0.142
300 15 0.136 1 0.5 0.142
300 15 0.136 1 0.6 0.123
300 15 0.136 1 0.7 0.114
300 15 0.136 1 0.8 0.145
300 15 0.136 1 0.9 0.109
300 15 0.136 1 1.0 0.108
300 15 0.136 2 0.0 0.149
300 15 0.136 2 0.1 0.135
300 15 0.136 2 0.2 0.138
300 15 0.136 2 0.3 0.143
300 15 0.136 2 0.4 0.134
300 15 0.136 2 0.5 0.121
300 15 0.136 2 0.6 0.141
300 15 0.136 2 0.7 0.124
300 15 0.136 2 0.8 0.114
300 15 0.136 2 0.9 0.106
300 15 0.136 2 1.0 0.104
300 15 0.136 5 0.0 0.137
300 15 0.136 5 0.1 0.134
300 15 0.136 5 0.2 0.117
300 15 0.136 5 0.3 0.103
300 15 0.136 5 0.4 0.103
300 15 0.136 5 0.5 0.135
300 15 0.136 5 0.6 0.106
300 15 0.136 5 0.7 0.102
300 15 0.136 5 0.8 0.102
300 15 0.136 5 0.9 0.104
300 15 0.136 5 1.0 0.11
300 15 0.136 10 0.0 0.161
300 15 0.136 10 0.1 0.118
300 15 0.136 10 0.2 0.105
300 15 0.136 10 0.3 0.102
300 15 0.136 10 0.4 0.103
300 15 0.136 10 0.5 0.103
300 15 0.136 10 0.6 0.102
300 15 0.136 10 0.7 0.102
300 15 0.136 10 0.8 0.101
300 15 0.136 10 0.9 0.103
300 15 0.136 10 1.0 0.105
300 15 0.136 20 0.0 0.154
300 15 0.136 20 0.1 0.103
300 15 0.136 20 0.2 0.104
300 15 0.136 20 0.3 0.103
300 15 0.136 20 0.4 0.101
300 15 0.136 20 0.5 0.103
300 15 0.136 20 0.6 0.103
300 15 0.136 20 0.7 0.109
300 15 0.136 20 0.8 0.106
300 15 0.136 20 0.9 0.107
300 15 0.136 20 1.0 0.111
300 15 0.136 50 0.0 0.142
300 15 0.136 50 0.1 0.11
300 15 0.136 50 0.2 0.107
300 15 0.136 50 0.3 0.109
300 15 0.136 50 0.4 0.107
300 15 0.136 50 0.5 0.103
300 15 0.136 50 0.6 0.107
300 15 0.136 50 0.7 0.112
300 15 0.136 50 0.8 0.108
300 15 0.136 50 0.9 0.106
300 15 0.136 50 1.0 0.105
300 15 0.177 1 0.0 0.144
300 15 0.177 1 0.1 0.151
300 15 0.177 1 0.2 0.145
300 15 0.177 1 0.3 0.144
300 15 0.177 1 0.4 0.145
300 15 0.177 1 0.5 0.139
300 15 0.177 1 0.6 0.133
300 15 0.177 1 0.7 0.144
300 15 0.177 1 0.8 0.149
300 15 0.177 1 0.9 0.148
300 15 0.177 1 1.0 0.137
300 15 0.177 2 0.0 0.132
300 15 0.177 2 0.1 0.122
300 15 0.177 2 0.2 0.153
300 15 0.177 2 0.3 0.145
300 15 0.177 2 0.4 0.133
300 15 0.177 2 0.5 0.14
300 15 0.177 2 0.6 0.126
300 15 0.177 2 0.7 0.126
300 15 0.177 2 0.8 0.125
300 15 0.177 2 0.9 0.122
300 15 0.177 2 1.0 0.14
300 15 0.177 5 0.0 0.147
300 15 0.177 5 0.1 0.117
300 15 0.177 5 0.2 0.139
300 15 0.177 5 0.3 0.133
300 15 0.177 5 0.4 0.119
300 15 0.177 5 0.5 0.125
300 15 0.177 5 0.6 0.117
300 15 0.177 5 0.7 0.114
300 15 0.177 5 0.8 0.103
300 15 0.177 5 0.9 0.102
300 15 0.177 5 1.0 0.11
300 15 0.177 10 0.0 0.148
300 15 0.177 10 0.1 0.099
300 15 0.177 10 0.2 0.103
300 15 0.177 10 0.3 0.103
300 15 0.177 10 0.4 0.102
300 15 0.177 10 0.5 0.104
300 15 0.177 10 0.6 0.102
300 15 0.177 10 0.7 0.102
300 15 0.177 10 0.8 0.104
300 15 0.177 10 0.9 0.1
300 15 0.177 10 1.0 0.102
300 15 0.177 20 0.0 0.128
300 15 0.177 20 0.1 0.107
300 15 0.177 20 0.2 0.111
300 15 0.177 20 0.3 0.1
300 15 0.177 20 0.4 0.105
300 15 0.177 20 0.5 0.105
300 15 0.177 20 0.6 0.106
300 15 0.177 20 0.7 0.104
300 15 0.177 20 0.8 0.107
300 15 0.177 20 0.9 0.103
300 15 0.177 20 1.0 0.101
300 15 0.177 50 0.0 0.126
300 15 0.177 50 0.1 0.107
300 15 0.177 50 0.2 0.104
300 15 0.177 50 0.3 0.106
300 15 0.177 50 0.4 0.107
300 15 0.177 50 0.5 0.105
300 15 0.177 50 0.6 0.108
300 15 0.177 50 0.7 0.104
300 15 0.177 50 0.8 0.114
300 15 0.177 50 0.9 0.106
300 15 0.177 50 1.0 0.113
300 15 0.175 1 0.0 0.145
300 15 0.175 1 0.1 0.152
300 15 0.175 1 0.2 0.126
300 15 0.175 1 0.3 0.136
300 15 0.175 1 0.4 0.143
300 15 0.175 1 0.5 0.133
300 15 0.175 1 0.6 0.14
300 15 0.175 1 0.7 0.146
300 15 0.175 1 0.8 0.151
300 15 0.175 1 0.9 0.156
300 15 0.175 1 1.0 0.151
300 15 0.175 2 0.0 0.142
300 15 0.175 2 0.1 0.145
300 15 0.175 2 0.2 0.126
300 15 0.175 2 0.3 0.125
300 15 0.175 2 0.4 0.14
300 15 0.175 2 0.5 0.138
300 15 0.175 2 0.6 0.113
300 15 0.175 2 0.7 0.133
300 15 0.175 2 0.8 0.102
300 15 0.175 2 0.9 0.141
300 15 0.175 2 1.0 0.144
300 15 0.175 5 0.0 0.141
300 15 0.175 5 0.1 0.144
300 15 0.175 5 0.2 0.092
300 15 0.175 5 0.3 0.099
300 15 0.175 5 0.4 0.122
300 15 0.175 5 0.5 0.141
300 15 0.175 5 0.6 0.126
300 15 0.175 5 0.7 0.096
300 15 0.175 5 0.8 0.134
300 15 0.175 5 0.9 0.128
300 15 0.175 5 1.0 0.126
300 15 0.175 10 0.0 0.143
300 15 0.175 10 0.1 0.108
300 15 0.175 10 0.2 0.093
300 15 0.175 10 0.3 0.094
300 15 0.175 10 0.4 0.104
300 15 0.175 10 0.5 0.098
300 15 0.175 10 0.6 0.09
300 15 0.175 10 0.7 0.094
300 15 0.175 10 0.8 0.096
300 15 0.175 10 0.9 0.095
300 15 0.175 10 1.0 0.102
300 15 0.175 20 0.0 0.136
300 15 0.175 20 0.1 0.092
300 15 0.175 20 0.2 0.092
300 15 0.175 20 0.3 0.094
300 15 0.175 20 0.4 0.095
300 15 0.175 20 0.5 0.092
300 15 0.175 20 0.6 0.091
300 15 0.175 20 0.7 0.091
300 15 0.175 20 0.8 0.094
300 15 0.175 20 0.9 0.094
300 15 0.175 20 1.0 0.094
300 15 0.175 50 0.0 0.149
300 15 0.175 50 0.1 0.089
300 15 0.175 50 0.2 0.091
300 15 0.175 50 0.3 0.093
300 15 0.175 50 0.4 0.095
300 15 0.175 50 0.5 0.09
300 15 0.175 50 0.6 0.099
300 15 0.175 50 0.7 0.096
300 15 0.175 50 0.8 0.089
300 15 0.175 50 0.9 0.089
300 15 0.175 50 1.0 0.091
300 15 0.136 1 0.0 0.137
300 15 0.136 1 0.1 0.119
300 15 0.136 1 0.2 0.133
300 15 0.136 1 0.3 0.126
300 15 0.136 1 0.4 0.127
300 15 0.136 1 0.5 0.129
300 15 0.136 1 0.6 0.135
300 15 0.136 1 0.7 0.128
300 15 0.136 1 0.8 0.12
300 15 0.136 1 0.9 0.102
300 15 0.136 1 1.0 0.113
300 15 0.136 2 0.0 0.147
300 15 0.136 2 0.1 0.121
300 15 0.136 2 0.2 0.14
300 15 0.136 2 0.3 0.116
300 15 0.136 2 0.4 0.115
300 15 0.136 2 0.5 0.11
300 15 0.136 2 0.6 0.12
300 15 0.136 2 0.7 0.113
300 15 0.136 2 0.8 0.103
300 15 0.136 2 0.9 0.125
300 15 0.136 2 1.0 0.117
300 15 0.136 5 0.0 0.128
300 15 0.136 5 0.1 0.113
300 15 0.136 5 0.2 0.109
300 15 0.136 5 0.3 0.098
300 15 0.136 5 0.4 0.099
300 15 0.136 5 0.5 0.114
300 15 0.136 5 0.6 0.116
300 15 0.136 5 0.7 0.112
300 15 0.136 5 0.8 0.097
300 15 0.136 5 0.9 0.097
300 15 0.136 5 1.0 0.097
300 15 0.136 10 0.0 0.135
300 15 0.136 10 0.1 0.103
300 15 0.136 10 0.2 0.11
300 15 0.136 10 0.3 0.098
300 15 0.136 10 0.4 0.099
300 15 0.136 10 0.5 0.095
300 15 0.136 10 0.6 0.099
300 15 0.136 10 0.7 0.099
300 15 0.136 10 0.8 0.097
300 15 0.136 10 0.9 0.097
300 15 0.136 10 1.0 0.098
300 15 0.136 20 0.0 0.145
300 15 0.136 20 0.1 0.096
300 15 0.136 20 0.2 0.097
300 15 0.136 20 0.3 0.098
300 15 0.136 20 0.4 0.11
300 15 0.136 20 0.5 0.097
300 15 0.136 20 0.6 0.102
300 15 0.136 20 0.7 0.1
300 15 0.136 20 0.8 0.098
300 15 0.136 20 0.9 0.096
300 15 0.136 20 1.0 0.098
300 15 0.136 50 0.0 0.126
300 15 0.136 50 0.1 0.097
300 15 0.136 50 0.2 0.099
300 15 0.136 50 0.3 0.097
300 15 0.136 50 0.4 0.092
300 15 0.136 50 0.5 0.098
300 15 0.136 50 0.6 0.094
300 15 0.136 50 0.7 0.093
300 15 0.136 50 0.8 0.104
300 15 0.136 50 0.9 0.101
300 15 0.136 50 1.0 0.096
300 15 0.124 1 0.0 0.134
300 15 0.124 1 0.1 0.114
300 15 0.124 1 0.2 0.133
300 15 0.124 1 0.3 0.136
300 15 0.124 1 0.4 0.107
300 15 0.124 1 0.5 0.123
300 15 0.124 1 0.6 0.113
300 15 0.124 1 0.7 0.116
300 15 0.124 1 0.8 0.103
300 15 0.124 1 0.9 0.107
300 15 0.124 1 1.0 0.101
300 15 0.124 2 0.0 0.13
300 15 0.124 2 0.1 0.121
300 15 0.124 2 0.2 0.116
300 15 0.124 2 0.3 0.109
300 15 0.124 2 0.4 0.108
300 15 0.124 2 0.5 0.107
300 15 0.124 2 0.6 0.116
300 15 0.124 2 0.7 0.109
300 15 0.124 2 0.8 0.1
300 15 0.124 2 0.9 0.094
300 15 0.124 2 1.0 0.103
300 15 0.124 5 0.0 0.147
300 15 0.124 5 0.1 0.111
300 15 0.124 5 0.2 0.107
300 15 0.124 5 0.3 0.094
300 15 0.124 5 0.4 0.093
300 15 0.124 5 0.5 0.104
300 15 0.124 5 0.6 0.101
300 15 0.124 5 0.7 0.104
300 15 0.124 5 0.8 0.104
300 15 0.124 5 0.9 0.098
300 15 0.124 5 1.0 0.1
300 15 0.124 10 0.0 0.141
300 15 0.124 10 0.1 0.095
300 15 0.124 10 0.2 0.091
300 15 0.124 10 0.3 0.098
300 15 0.124 10 0.4 0.102
300 15 0.124 10 0.5 0.099
300 15 0.124 10 0.6 0.101
300 15 0.124 10 0.7 0.1
300 15 0.124 10 0.8 0.098
300 15 0.124 10 0.9 0.1
300 15 0.124 10 1.0 0.098
300 15 0.124 20 0.0 0.146
300 15 0.124 20 0.1 0.097
300 15 0.124 20 0.2 0.102
300 15 0.124 20 0.3 0.098
300 15 0.124 20 0.4 0.101
300 15 0.124 20 0.5 0.102
300 15 0.124 20 0.6 0.099
300 15 0.124 20 0.7 0.096
300 15 0.124 20 0.8 0.098
300 15 0.124 20 0.9 0.1
300 15 0.124 20 1.0 0.099
300 15 0.124 50 0.0 0.138
300 15 0.124 50 0.1 0.09
300 15 0.124 50 0.2 0.087
300 15 0.124 50 0.3 0.093
300 15 0.124 50 0.4 0.096
300 15 0.124 50 0.5 0.097
300 15 0.124 50 0.6 0.1
300 15 0.124 50 0.7 0.097
300 15 0.124 50 0.8 0.095
300 15 0.124 50 0.9 0.102
300 15 0.124 50 1.0 0.1
300 15 0.166 1 0.0 0.143
300 15 0.166 1 0.1 0.139
300 15 0.166 1 0.2 0.13
300 15 0.166 1 0.3 0.136
300 15 0.166 1 0.4 0.137
300 15 0.166 1 0.5 0.149
300 15 0.166 1 0.6 0.132
300 15 0.166 1 0.7 0.13
300 15 0.166 1 0.8 0.138
300 15 0.166 1 0.9 0.139
300 15 0.166 1 1.0 0.136
300 15 0.166 2 0.0 0.13
300 15 0.166 2 0.1 0.138
300 15 0.166 2 0.2 0.133
300 15 0.166 2 0.3 0.128
300 15 0.166 2 0.4 0.139
300 15 0.166 2 0.5 0.133
300 15 0.166 2 0.6 0.107
300 15 0.166 2 0.7 0.13
300 15 0.166 2 0.8 0.131
300 15 0.166 2 0.9 0.118
300 15 0.166 2 1.0 0.099
300 15 0.166 5 0.0 0.135
300 15 0.166 5 0.1 0.13
300 15 0.166 5 0.2 0.114
300 15 0.166 5 0.3 0.111
300 15 0.166 5 0.4 0.112
300 15 0.166 5 0.5 0.126
300 15 0.166 5 0.6 0.108
300 15 0.166 5 0.7 0.096
300 15 0.166 5 0.8 0.097
300 15 0.166 5 0.9 0.096
300 15 0.166 5 1.0 0.103
300 15 0.166 10 0.0 0.137
300 15 0.166 10 0.1 0.122
300 15 0.166 10 0.2 0.093
300 15 0.166 10 0.3 0.091
300 15 0.166 10 0.4 0.096
300 15 0.166 10 0.5 0.093
300 15 0.166 10 0.6 0.096
300 15 0.166 10 0.7 0.095
300 15 0.166 10 0.8 0.093
300 15 0.166 10 0.9 0.093
300 15 0.166 10 1.0 0.096
300 15 0.166 20 0.0 0.13
300 15 0.166 20 0.1 0.094
300 15 0.166 20 0.2 0.086
300 15 0.166 20 0.3 0.091
300 15 0.166 20 0.4 0.093
300 15 0.166 20 0.5 0.092
300 15 0.166 20 0.6 0.096
300 15 0.166 20 0.7 0.085
300 15 0.166 20 0.8 0.093
300 15 0.166 20 0.9 0.094
300 15 0.166 20 1.0 0.095
300 15 0.166 50 0.0 0.148
300 15 0.166 50 0.1 0.093
300 15 0.166 50 0.2 0.088
300 15 0.166 50 0.3 0.095
300 15 0.166 50 0.4 0.088
300 15 0.166 50 0.5 0.091
300 15 0.166 50 0.6 0.089
300 15 0.166 50 0.7 0.092
300 15 0.166 50 0.8 0.086
300 15 0.166 50 0.9 0.103
300 15 0.166 50 1.0 0.093
300 15 0.161 1 0.0 0.145
300 15 0.161 1 0.1 0.142
300 15 0.161 1 0.2 0.154
300 15 0.161 1 0.3 0.142
300 15 0.161 1 0.4 0.148
300 15 0.161 1 0.5 0.138
300 15 0.161 1 0.6 0.142
300 15 0.161 1 0.7 0.146
300 15 0.161 1 0.8 0.142
300 15 0.161 1 0.9 0.154
300 15 0.161 1 1.0 0.139
300 15 0.161 2 0.0 0.134
300 15 0.161 2 0.1 0.144
300 15 0.161 2 0.2 0.133
300 15 0.161 2 0.3 0.141
300 15 0.161 2 0.4 0.124
300 15 0.161 2 0.5 0.127
300 15 0.161 2 0.6 0.15
300 15 0.161 2 0.7 0.134
300 15 0.161 2 0.8 0.115
300 15 0.161 2 0.9 0.148
300 15 0.161 2 1.0 0.147
300 15 0.161 5 0.0 0.142
300 15 0.161 5 0.1 0.115
300 15 0.161 5 0.2 0.123
300 15 0.161 5 0.3 0.117
300 15 0.161 5 0.4 0.134
300 15 0.161 5 0.5 0.123
300 15 0.161 5 0.6 0.098
300 15 0.161 5 0.7 0.136
300 15 0.161 5 0.8 0.103
300 15 0.161 5 0.9 0.102
300 15 0.161 5 1.0 0.099
300 15 0.161 10 0.0 0.134
300 15 0.161 10 0.1 0.125
300 15 0.161 10 0.2 0.1
300 15 0.161 10 0.3 0.1
300 15 0.161 10 0.4 0.115
300 15 0.161 10 0.5 0.1
300 15 0.161 10 0.6 0.134
300 15 0.161 10 0.7 0.098
300 15 0.161 10 0.8 0.1
300 15 0.161 10 0.9 0.109
300 15 0.161 10 1.0 0.097
300 15 0.161 20 0.0 0.134
300 15 0.161 20 0.1 0.099
300 15 0.161 20 0.2 0.101
300 15 0.161 20 0.3 0.102
300 15 0.161 20 0.4 0.101
300 15 0.161 20 0.5 0.101
300 15 0.161 20 0.6 0.097
300 15 0.161 20 0.7 0.105
300 15 0.161 20 0.8 0.101
300 15 0.161 20 0.9 0.099
300 15 0.161 20 1.0 0.101
300 15 0.161 50 0.0 0.133
300 15 0.161 50 0.1 0.101
300 15 0.161 50 0.2 0.099
300 15 0.161 50 0.3 0.099
300 15 0.161 50 0.4 0.098
300 15 0.161 50 0.5 0.1
300 15 0.161 50 0.6 0.1
300 15 0.161 50 0.7 0.102
300 15 0.161 50 0.8 0.099
300 15 0.161 50 0.9 0.099
300 15 0.161 50 1.0 0.099
300 15 0.196 1 0.0 0.13
300 15 0.196 1 0.1 0.141
300 15 0.196 1 0.2 0.132
300 15 0.196 1 0.3 0.131
300 15 0.196 1 0.4 0.137
300 15 0.196 1 0.5 0.146
300 15 0.196 1 0.6 0.137
300 15 0.196 1 0.7 0.149
300 15 0.196 1 0.8 0.137
300 15 0.196 1 0.9 0.129
300 15 0.196 1 1.0 0.135
300 15 0.196 2 0.0 0.121
300 15 0.196 2 0.1 0.138
300 15 0.196 2 0.2 0.147
300 15 0.196 2 0.3 0.146
300 15 0.196 2 0.4 0.145
300 15 0.196 2 0.5 0.125
300 15 0.196 2 0.6 0.143
300 15 0.196 2 0.7 0.137
300 15 0.196 2 0.8 0.121
300 15 0.196 2 0.9 0.126
300 15 0.196 2 1.0 0.121
300 15 0.196 5 0.0 0.143
300 15 0.196 5 0.1 0.137
300 15 0.196 5 0.2 0.108
300 15 0.196 5 0.3 0.121
300 15 0.196 5 0.4 0.109
300 15 0.196 5 0.5 0.128
300 15 0.196 5 0.6 0.122
300 15 0.196 5 0.7 0.123
300 15 0.196 5 0.8 0.121
300 15 0.196 5 0.9 0.128
300 15 0.196 5 1.0 0.095
300 15 0.196 10 0.0 0.13
300 15 0.196 10 0.1 0.122
300 15 0.196 10 0.2 0.131
300 15 0.196 10 0.3 0.097
300 15 0.196 10 0.4 0.097
300 15 0.196 10 0.5 0.119
300 15 0.196 10 0.6 0.09
300 15 0.196 10 0.7 0.096
300 15 0.196 10 0.8 0.113
300 15 0.196 10 0.9 0.105
300 15 0.196 10 1.0 0.098
300 15 0.196 20 0.0 0.142
300 15 0.196 20 0.1 0.099
300 15 0.196 20 0.2 0.098
300 15 0.196 20 0.3 0.099
300 15 0.196 20 0.4 0.103
300 15 0.196 20 0.5 0.096
300 15 0.196 20 0.6 0.099
300 15 0.196 20 0.7 0.098
300 15 0.196 20 0.8 0.098
300 15 0.196 20 0.9 0.092
300 15 0.196 20 1.0 0.105
300 15 0.196 50 0.0 0.133
300 15 0.196 50 0.1 0.096
300 15 0.196 50 0.2 0.103
300 15 0.196 50 0.3 0.112
300 15 0.196 50 0.4 0.098
300 15 0.196 50 0.5 0.108
300 15 0.196 50 0.6 0.106
300 15 0.196 50 0.7 0.095
300 15 0.196 50 0.8 0.093
300 15 0.196 50 0.9 0.11
300 15 0.196 50 1.0 0.093
